1 1 0.001
1 1 0.001
1 1 0.001
1 1 0.001
1 1 0.001
1 1 0.00100001
1 1 0.00100001
1 1 0.00100002
1 1 0.00100003
1 1 0.00100004
1 1 0.00100006
1 1 0.00100008
1 1 0.00100011
1 1 0.00100014
1 1 0.00100017
1 1 0.00100021
1 0.999999 0.00100025
0.999999 0.999999 0.0010003
0.999999 0.999999 0.00100036
0.999999 0.999999 0.00100042
0.999999 0.999999 0.00100049
0.999999 0.999999 0.00100057
0.999999 0.999999 0.00100065
0.999999 0.999998 0.00100075
0.999998 0.999998 0.00100085
0.999998 0.999998 0.00100096
0.999998 0.999998 0.00100108
0.999998 0.999997 0.00100121
0.999997 0.999997 0.00100134
0.999997 0.999997 0.00100149
0.999997 0.999996 0.00100165
0.999997 0.999996 0.00100182
0.999996 0.999996 0.00100201
0.999996 0.999995 0.0010022
0.999995 0.999995 0.0010024
0.999995 0.999994 0.00100262
0.999995 0.999994 0.00100285
0.999994 0.999993 0.0010031
0.999994 0.999993 0.00100335
0.999993 0.999992 0.00100363
0.999993 0.999992 0.00100391
0.999992 0.999991 0.00100421
0.999991 0.99999 0.00100453
0.999991 0.999989 0.00100486
0.99999 0.999989 0.0010052
0.99999 0.999988 0.00100556
0.999989 0.999987 0.00100594
0.999988 0.999986 0.00100634
0.999987 0.999985 0.00100675
0.999986 0.999984 0.00100718
0.999986 0.999983 0.00100762
0.999985 0.999982 0.00100809
-1.76417e-11 -2.03109e-11 9.29664e-12
-1.14464e-12 -1.31795e-12 6.02895e-13
-3.45764e-16 -3.98153e-16 1.82031e-16
-3.45815e-16 -3.98247e-16 1.81975e-16
-3.45867e-16 -3.98342e-16 1.8192e-16
-3.45918e-16 -3.98437e-16 1.81865e-16
-3.45969e-16 -3.9853e-16 1.81809e-16
-3.46019e-16 -3.98624e-16 1.81753e-16
-3.46068e-16 -3.98717e-16 1.81697e-16
-3.46119e-16 -3.9881e-16 1.81641e-16
-3.46167e-16 -3.98903e-16 1.81584e-16
-3.46217e-16 -3.98994e-16 1.81528e-16
-3.46265e-16 -3.99086e-16 1.81471e-16
-3.46314e-16 -3.99177e-16 1.81414e-16
-3.46361e-16 -3.99268e-16 1.81357e-16
-1.73204e-15 -1.9968e-15 9.06501e-16
-4.85038e-15 -5.59229e-15 2.5374e-15
-1.03951e-14 -1.19862e-14 5.43558e-15
-3.46549e-16 -3.99629e-16 1.81128e-16
-3.46595e-16 -3.99718e-16 1.8107e-16
-3.46641e-16 -3.99807e-16 1.81012e-16
-3.46685e-16 -3.99896e-16 1.80954e-16
-3.4673e-16 -3.99984e-16 1.80896e-16
-3.46775e-16 -4.00072e-16 1.80838e-16
-3.46819e-16 -4.0016e-16 1.80779e-16
-3.46863e-16 -4.00247e-16 1.80721e-16
-3.46906e-16 -4.00334e-16 1.80662e-16
-3.46949e-16 -4.0042e-16 1.80603e-16
-3.46992e-16 -4.00506e-16 1.80544e-16
-3.47034e-16 -4.00592e-16 1.80485e-16
-3.47076e-16 -4.00677e-16 1.80425e-16
-3.47118e-16 -4.00762e-16 1.80366e-16
-3.47159e-16 -4.00847e-16 1.80306e-16
-3.472e-16 -4.00931e-16 1.80246e-16
-3.4724e-16 -4.01015e-16 1.80186e-16
-3.47281e-16 -4.01098e-16 1.80126e-16
-3.47321e-16 -4.01181e-16 1.80066e-16
-3.47359e-16 -4.01265e-16 1.80005e-16
-3.47399e-16 -4.01347e-16 1.79945e-16
-3.47438e-16 -4.01429e-16 1.79884e-16
-3.47475e-16 -4.01511e-16 1.79823e-16
-3.47513e-16 -4.01592e-16 1.79762e-16
-3.47551e-16 -4.01673e-16 1.79701e-16
-3.47588e-16 -4.01754e-16 1.79639e-16
-3.47624e-16 -4.01834e-16 1.79578e-16
-3.47661e-16 -4.01914e-16 1.79516e-16
-3.47697e-16 -4.01993e-16 1.79454e-16
-3.47732e-16 -4.02072e-16 1.79392e-16
-1.73884e-15 -2.01075e-15 8.96652e-16
-4.86923e-15 -5.63121e-15 2.50975e-15
-1.04351e-14 -1.20692e-14 5.37617e-15
-3.47871e-16 -4.02385e-16 1.79143e-16
-3.47905e-16 -4.02462e-16 1.7908e-16
-3.47938e-16 -4.02539e-16 1.79017e-16
-3.47971e-16 -4.02616e-16 1.78954e-16
-3.48002e-16 -4.02692e-16 1.78891e-16
-3.48035e-16 -4.02768e-16 1.78827e-16
-3.48067e-16 -4.02843e-16 1.78764e-16
-3.48098e-16 -4.02918e-16 1.787e-16
-3.48129e-16 -4.02993e-16 1.78636e-16
-3.4816e-16 -4.03067e-16 1.78572e-16
-3.4819e-16 -4.03141e-16 1.78508e-16
-3.4822e-16 -4.03214e-16 1.78444e-16
-3.48249e-16 -4.03287e-16 1.78379e-16
-3.48278e-16 -4.0336e-16 1.78315e-16
-3.48307e-16 -4.03433e-16 1.7825e-16
-3.48335e-16 -4.03505e-16 1.78185e-16
-3.48363e-16 -4.03576e-16 1.7812e-16
-3.4839e-16 -4.03647e-16 1.78055e-16
-3.48417e-16 -4.03718e-16 1.77989e-16
-3.48444e-16 -4.03788e-16 1.77924e-16
-3.4847e-16 -4.03858e-16 1.77858e-16
-3.48496e-16 -4.03928e-16 1.77792e-16
-3.48521e-16 -4.03997e-16 1.77726e-16
-3.48546e-16 -4.04066e-16 1.7766e-16
-3.48571e-16 -4.04134e-16 1.77594e-16
-3.48595e-16 -4.04202e-16 1.77527e-16
-3.48619e-16 -4.0427e-16 1.77461e-16
-3.48642e-16 -4.04337e-16 1.77394e-16
-3.48665e-16 -4.04405e-16 1.77327e-16
-3.48688e-16 -4.04471e-16 1.7726e-16
-1.74355e-15 -2.02268e-15 8.85963e-16
-4.88225e-15 -5.66443e-15 2.47975e-15
-1.04626e-14 -1.214e-14 5.31174e-15
-3.48775e-16 -4.04733e-16 1.7699e-16
-3.48795e-16 -4.04797e-16 1.76922e-16
-3.48815e-16 -4.04862e-16 1.76854e-16
-3.48835e-16 -4.04925e-16 1.76785e-16
-3.48854e-16 -4.04989e-16 1.76717e-16
-3.48873e-16 -4.05051e-16 1.76649e-16
-3.48892e-16 -4.05114e-16 1.7658e-16
-3.4891e-16 -4.05176e-16 1.76511e-16
-3.48928e-16 -4.05237e-16 1.76442e-16
-3.48945e-16 -4.05298e-16 1.76373e-16
-3.48962e-16 -4.0536e-16 1.76303e-16
-3.48978e-16 -4.05421e-16 1.76234e-16
-3.48994e-16 -4.0548e-16 1.76164e-16
-3.4901e-16 -4.0554e-16 1.76095e-16
-3.49025e-16 -4.05599e-16 1.76025e-16
-3.4904e-16 -4.05658e-16 1.75955e-16
-3.49055e-16 -4.05716e-16 1.75884e-16
-3.49069e-16 -4.05774e-16 1.75814e-16
-3.49082e-16 -4.05832e-16 1.75743e-16
-3.49096e-16 -4.05889e-16 1.75673e-16
-3.49108e-16 -4.05946e-16 1.75602e-16
-3.4912e-16 -4.06003e-16 1.75531e-16
-3.49132e-16 -4.06059e-16 1.75459e-16
-3.49144e-16 -4.06114e-16 1.75388e-16
-3.49155e-16 -4.06169e-16 1.75316e-16
-3.49165e-16 -4.06224e-16 1.75245e-16
-3.49176e-16 -4.06278e-16 1.75173e-16
