0.00469147 -0.0028813 -5.35398e-06
0.00490638 0.00813081 -5.84136e-06
0.00224519 0.00233774 -8.38807e-06
0.00722844 0.00469041 1.55332e-05
-0.00128131 -0.000221928 1.53947e-05
0.00404768 0.00116028 2.70833e-05
0.00752104 0.0116024 -4.12727e-07
0.00517717 0.00528199 1.33733e-05
0.00528101 0.00710617 3.813e-06
0.00551344 0.00842823 -1.13965e-06
0.00939725 0.0130843 -2.16135e-06
0.010726 0.0157543 -1.18789e-05
0.0111012 0.010856 -7.03319e-06
0.0127211 0.00992459 6.01909e-06
0.0148622 0.0148517 1.56504e-05
0.0108999 0.00911753 1.07557e-05
0.0106729 0.0193849 1.32841e-06
0.0163427 0.0170478 -1.00645e-05
0.0121189 0.018333 -8.05377e-06
0.0126523 0.0101698 -4.04135e-06
0.0228844 0.0215311 -2.27781e-05
0.0250946 0.023647 -2.10414e-05
0.0295046 0.0324862 8.04576e-06
0.0256843 0.0233 1.38801e-05
0.0187065 0.0192726 -1.58482e-05
0.019807 0.023224 -2.76174e-05
0.0274512 0.0232179 2.07303e-06
0.031223 0.0283022 -1.35042e-05
0.0268498 0.0240414 -5.45697e-06
0.0295352 0.0259409 3.89556e-06
0.0216901 0.0242515 1.38346e-05
0.0306435 0.0272727 -7.51429e-06
0.0343462 0.0384213 -2.78139e-06
0.0318985 0.0312417 -2.11718e-06
0.0425326 0.0370525 -2.73699e-06
0.0328599 0.0277354 -6.62975e-06
0.0380867 0.0316883 -3.70733e-06
0.0399947 0.0399516 -6.27092e-06
0.0302547 0.0371954 -2.2537e-06
0.0425584 0.0334824 -1.4191e-05
0.0445115 0.0338762 2.34969e-06
0.0422404 0.0438635 -1.42599e-05
0.0393156 0.0343645 4.90231e-06
0.0451548 0.0438524 -3.20053e-06
0.0473521 0.0356995 5.39353e-06
0.0446501 0.0377257 -1.97278e-05
0.044995 0.0400204 -7.13718e-06
0.0459209 0.0465214 -5.13977e-06
0.0517889 0.0461261 -3.63613e-06
0.0492406 0.044788 -8.70742e-07
0.0512795 0.0442416 -1.00775e-05
0.0538334 0.0536827 -6.09814e-06
0.057241 0.0464808 -4.3402e-06
0.0514905 0.0446102 1.36386e-05
0.0615779 0.0578091 -2.30473e-06
0.0529943 0.0477267 -9.07548e-06
0.0521698 0.0487386 -5.98445e-06
0.051283 0.056908 -1.4595e-05
0.0626242 0.055422 2.67763e-05
0.062006 0.0606199 9.07143e-06
0.0600275 0.0526391 -1.44133e-05
0.055902 0.0465553 -1.19757e-05
0.0606586 0.0586123 -6.72311e-06
0.0598235 0.0598311 9.37447e-06
0.0640717 0.0622898 -9.51616e-06
0.0700158 0.0654119 -5.27999e-06
0.0634242 0.0676241 -1.595e-05
0.0718037 0.0692794 2.12781e-06
0.0688723 0.0690765 -1.26079e-05
0.0723481 0.0660305 -2.10104e-05
0.0704762 0.0670835 -1.85711e-05
0.0731344 0.0700041 -3.21029e-05
0.0762457 0.072794 -7.52515e-06
0.0748193 0.0752326 -6.96309e-06
0.0715241 0.0704031 -9.71978e-06
0.0714574 0.0681188 -1.62368e-05
0.0742141 0.0688441 -1.07135e-06
0.0773521 0.0657689 -1.72023e-05
0.0805812 0.0718225 -8.14893e-06
0.0779163 0.0747737 -7.73121e-06
0.0772056 0.0775127 -2.97948e-05
0.0839677 0.0814661 -1.31245e-05
0.0762663 0.0825831 -8.29564e-06
0.0824083 0.0793455 -1.30368e-05
0.0823263 0.0804227 -2.7265e-05
0.0859539 0.0842616 -2.22467e-05
0.0878393 0.0801821 8.00514e-06
0.0853346 0.0824008 -8.30404e-06
0.0886503 0.0866428 -3.36299e-05
0.0949883 0.0836466 -1.82792e-06
0.0918041 0.0868043 -1.35426e-05
0.097362 0.0820921 -8.14006e-07
0.0883207 0.0885297 -1.75288e-05
0.0938246 0.0874184 -1.36901e-05
0.0983356 0.0893996 -1.94812e-05
0.0972369 0.0908735 -1.87778e-05
0.0970174 0.0937474 3.59193e-07
0.0957307 0.0918259 -3.72827e-06
0.0986594 0.09521 -4.0497e-05
0.101323 0.094475 -1.66853e-05
0.103102 0.0932546 -1.54836e-05
0.100546 0.0878569 2.19609e-06
0.0985858 0.0900533 -1.15188e-05
0.1038 0.100298 -8.47538e-06
0.107964 0.097657 5.11971e-06
0.110965 0.104594 -6.46995e-06
0.102752 0.0988434 -5.20434e-06
0.112891 0.111117 -2.06181e-05
0.108519 0.101629 5.40293e-06
0.114679 0.101623 -2.35454e-05
0.109091 0.10342 -2.9813e-05
0.114494 0.105793 -1.46453e-05
0.110768 0.108689 -1.21004e-05
0.115438 0.111002 -1.55671e-05
0.113165 0.111177 -1.1865e-05
0.12038 0.109685 -5.66491e-06
0.119812 0.112303 -1.5768e-05
0.117027 0.113624 -3.67383e-05
0.122175 0.119333 -1.25413e-05
0.122732 0.113795 -3.44763e-06
0.127762 0.11447 -8.36791e-06
0.124911 0.11477 -4.46586e-06
0.12749 0.119817 -2.06265e-05
0.125473 0.124252 -1.69639e-05
0.122723 0.118812 -1.3855e-05
0.126729 0.121297 -3.31682e-05
0.126605 0.127326 -1.70521e-05
0.132864 0.122916 1.9508e-05
0.130438 0.121847 -9.3914e-06
0.127373 0.119764 -1.73335e-05
0.142099 0.129401 -1.04101e-05
0.137523 0.127731 -1.43006e-05
0.133066 0.128463 -1.51009e-05
0.136409 0.129103 -1.82529e-06
0.141484 0.127471 -2.25483e-05
0.136081 0.131597 -8.85517e-06
0.139899 0.130011 -3.45765e-05
0.14518 0.132276 3.58069e-06
0.145384 0.135243 -2.99955e-05
0.147394 0.136586 -2.85806e-05
0.145909 0.134876 -8.73275e-06
0.143304 0.140279 -2.60655e-05
0.144971 0.136463 -4.05909e-05
0.144645 0.140634 -2.27353e-05
0.14526 0.131895 3.63045e-06
0.1516 0.147515 -1.74218e-05
0.149496 0.141027 -1.43717e-05
0.146896 0.142572 -2.3668e-05
0.152856 0.143549 -1.03059e-05
0.155979 0.145915 -8.23598e-06
0.152227 0.14399 -2.78865e-05
0.15647 0.145945 -2.59344e-05
0.158393 0.147584 -1.99387e-05
0.161753 0.145303 -1.12461e-05
0.160559 0.15236 -3.29633e-05
0.167253 0.157103 -2.59017e-05
0.165739 0.154635 -3.45661e-05
0.164808 0.157259 -1.24254e-05
0.174362 0.157636 -1.29884e-05
0.168731 0.157336 -2.85081e-05
0.167223 0.154462 -3.47795e-06
0.16566 0.154752 -2.47285e-05
0.165451 0.162074 -1.1587e-05
0.167351 0.163811 -2.75705e-05
0.168559 0.155858 -1.69064e-05
0.169849 0.162633 -2.83639e-05
0.17308 0.165032 -2.79973e-05
0.168632 0.165644 -2.86261e-05
0.177989 0.167653 -3.83528e-05
0.176991 0.165112 -2.79221e-05
0.173384 0.167471 -4.04445e-05
0.183026 0.171572 -1.57096e-05
0.176466 0.170137 -3.4772e-05
0.179105 0.169724 -4.72907e-06
0.178894 0.170039 -1.23275e-05
0.183017 0.168261 -2.16625e-05
0.183373 0.174805 -3.1074e-05
0.180701 0.171683 -3.61272e-05
0.185762 0.176312 -1.09818e-05
0.192225 0.18437 -2.77426e-05
0.18997 0.175698 -7.72784e-06
0.196155 0.178577 -4.06843e-05
0.193725 0.176032 -1.82049e-05
0.195609 0.17681 -2.7601e-05
0.194091 0.1842 -2.98394e-05
0.198543 0.186355 -1.52632e-05
0.193143 0.184906 -4.10097e-05
0.201012 0.187212 -1.28728e-05
0.197238 0.185764 -3.82834e-05
0.201627 0.190867 -2.71828e-05
0.200541 0.186124 -2.22157e-05
0.202339 0.193159 -3.04843e-05
0.198262 0.191622 -3.97483e-05
0.205964 0.19305 -2.04499e-05
0.206446 0.193485 -2.05702e-05
0.210075 0.197538 -3.05967e-05
0.207957 0.195678 -2.26324e-05
0.208034 0.202391 -4.26489e-05
0.207674 0.2011 -2.84013e-05
0.213778 0.199212 -3.22309e-05
0.208714 0.19883 -1.91673e-05
0.215112 0.198576 -2.18708e-05
0.21529 0.200127 -1.73614e-05
0.222514 0.204258 -2.88825e-05
0.218963 0.201461 -2.70699e-05
0.215116 0.21183 -3.21733e-05
0.227488 0.209978 -2.30018e-05
0.218819 0.205694 -2.26753e-05
0.22609 0.211338 -3.02084e-05
0.224612 0.210842 -2.48769e-05
0.221063 0.204097 -4.30153e-05
0.23014 0.216968 -1.76963e-05
0.22476 0.212419 -9.01993e-06
0.230119 0.219492 -4.58066e-05
0.23127 0.210432 -1.33435e-05
0.231047 0.214048 -2.42669e-05
0.231633 0.221803 -3.14315e-05
0.228852 0.219613 -5.14328e-05
0.239322 0.225196 -3.4465e-05
0.238646 0.219137 -3.4984e-05
0.240762 0.225808 -4.65506e-05
0.238135 0.223867 -2.35797e-05
0.236121 0.221036 -3.30778e-05
0.245027 0.225535 -1.99748e-05
0.248393 0.229786 -3.95211e-05
0.243671 0.22675 -5.18524e-05
0.240187 0.228589 -5.42817e-05
0.240622 0.223709 -2.90788e-05
0.250877 0.229049 -7.79227e-06
0.246159 0.228997 -4.98882e-05
0.241442 0.227068 -2.73089e-05
0.247261 0.236148 -1.42858e-05
0.249145 0.235382 -3.07458e-05
0.251546 0.237454 -2.62017e-05
0.255385 0.246557 -5.25273e-05
0.254827 0.244641 -5.72904e-05
0.251908 0.235475 -3.33721e-05
0.254229 0.234064 -5.03292e-05
0.258595 0.243332 -4.03066e-05
0.253695 0.242617 -4.08333e-05
0.257534 0.23984 -5.17375e-05
0.264993 0.240692 -2.39589e-05
0.264277 0.248412 -5.04198e-05
0.256376 0.244287 -4.85444e-05
0.261799 0.25019 -3.86714e-05
0.269272 0.247195 -5.80931e-05
0.266038 0.250768 -4.85882e-05
0.270068 0.255648 -2.3784e-05
0.270628 0.258446 -4.98532e-05
0.268659 0.257665 -3.32111e-05
0.265806 0.250786 -2.97973e-05
0.270895 0.256501 -2.76266e-05
0.282903 0.263479 -5.52617e-05
0.283337 0.261174 -3.82895e-05
0.282175 0.263777 -3.76567e-05
0.276408 0.258617 -5.78337e-05
0.282162 0.259797 -3.27851e-05
0.285045 0.26201 -6.16938e-05
0.285397 0.268181 -4.33903e-05
0.289299 0.270706 -5.48175e-05
0.28941 0.272743 -2.86772e-05
0.27961 0.27297 -5.309e-05
0.283074 0.267999 -3.74264e-05
0.284548 0.262783 -3.01197e-05
0.286028 0.269383 -4.26732e-05
0.291377 0.267071 -2.67562e-05
0.288028 0.273126 -3.82895e-05
0.295368 0.274802 -3.19672e-05
0.290791 0.27324 -3.4003e-05
0.295275 0.282117 -3.46326e-05
0.291135 0.271379 -2.26609e-05
0.300539 0.281161 -4.25719e-05
0.293685 0.283274 -3.23376e-05
0.292931 0.278425 -4.00202e-05
0.300403 0.280146 -2.6888e-05
0.299799 0.284002 -5.0296e-05
0.306553 0.283685 -3.80395e-05
0.306105 0.287412 -3.72541e-05
0.303636 0.281007 -3.96064e-05
0.312926 0.290244 -2.94725e-05
0.306542 0.287071 -4.11577e-05
0.310619 0.287129 -3.33054e-05
0.307445 0.287621 -4.05818e-05
0.316049 0.301088 -3.06302e-05
0.31376 0.294412 -5.10199e-05
0.317608 0.294373 -4.414e-05
0.31371 0.297453 -4.21604e-05
0.314711 0.302818 -3.23715e-05
0.318892 0.297839 -3.78814e-05
0.316831 0.301959 -3.64464e-05
0.326568 0.303194 -5.33e-05
0.32279 0.299407 -4.93917e-05
0.320194 0.295667 -3.91977e-05
0.324211 0.305708 -1.73226e-05
0.325758 0.306728 -4.13175e-05
0.326525 0.306104 -5.5395e-05
0.333896 0.310246 -5.30848e-05
0.331252 0.31647 -5.2141e-05
0.332529 0.307749 -2.61706e-05
0.334863 0.307859 -4.49869e-05
0.331814 0.310092 -5.32729e-05
0.340304 0.31833 -6.28735e-05
0.335632 0.30691 -2.30776e-05
0.339304 0.318817 -5.93018e-05
0.338503 0.317814 -4.10697e-05
0.34307 0.324105 -5.59095e-05
0.337723 0.31763 -4.69419e-05
0.345039 0.321334 -3.87767e-05
0.344768 0.318813 -5.15282e-05
0.3421 0.321239 -3.61928e-05
0.354061 0.327031 -3.10162e-05
0.350398 0.324228 -5.39183e-05
0.348674 0.322751 -1.59642e-05
0.352215 0.326362 -3.6329e-05
0.348555 0.329803 -5.35769e-05
0.354314 0.331894 -7.4602e-05
0.355382 0.330453 -3.89568e-05
0.35431 0.326856 -2.79181e-05
0.35994 0.34223 -3.83874e-05
0.363568 0.337632 -4.32356e-05
0.358571 0.334147 -4.14826e-05
0.359102 0.338875 -5.04116e-05
0.353309 0.335721 -2.61193e-05
0.366219 0.345439 -4.64664e-05
0.367276 0.338091 -6.30475e-05
0.364168 0.339785 -3.55311e-05
0.367699 0.341417 -7.20881e-05
0.36759 0.341591 -3.82587e-05
0.375701 0.348615 -5.0887e-05
0.366182 0.351355 -4.00296e-05
0.372741 0.350542 -4.77395e-05
0.371357 0.347107 -4.54625e-05
0.372196 0.351085 -6.05452e-05
0.37173 0.353274 -6.00462e-05
0.37148 0.353249 -5.57561e-05
0.374997 0.356566 -3.39036e-05
0.379192 0.355283 -7.08623e-05
0.381537 0.357269 -7.2527e-05
0.38149 0.357266 -5.02395e-05
0.387644 0.361394 -5.50801e-05
0.384022 0.361832 -3.78733e-05
0.387389 0.368415 -5.79334e-05
0.389064 0.361224 -4.50476e-05
0.388358 0.367455 -5.97032e-05
0.389014 0.365981 -5.66992e-05
0.39448 0.371686 -5.32761e-05
0.392979 0.369456 -3.42841e-05
0.391084 0.368619 -5.89843e-05
0.394284 0.36669 -7.00584e-05
0.397622 0.3762 -6.7275e-05
0.395325 0.368943 -4.9078e-05
0.403136 0.376733 -4.72315e-05
0.398804 0.373598 -5.80538e-05
0.398542 0.379829 -7.11792e-05
0.396813 0.377152 -5.87446e-05
0.401678 0.381715 -7.66453e-05
0.402467 0.373643 -4.03076e-05
0.406937 0.383922 -6.84641e-05
0.411922 0.391068 -5.3396e-05
0.410454 0.390008 -3.2849e-05
0.40629 0.383467 -5.08778e-05
0.412232 0.382021 -5.59025e-05
0.410351 0.384588 -6.19262e-05
0.421644 0.391595 -6.51358e-05
0.418526 0.385727 -4.91385e-05
0.416672 0.390125 -5.06097e-05
0.416678 0.3906 -4.16594e-05
0.417212 0.394206 -2.85801e-05
0.417394 0.398519 -5.21692e-05
0.421561 0.400599 -6.54479e-05
0.417419 0.396366 -8.72549e-05
0.424734 0.398965 -4.78696e-05
0.429215 0.403483 -6.55282e-05
0.425343 0.395671 -3.89729e-05
0.431269 0.407655 -6.94594e-05
0.43231 0.403439 -6.95602e-05
0.433937 0.405302 -4.15264e-05
0.433903 0.400287 -4.99697e-05
0.430876 0.401064 -5.88723e-05
0.439014 0.413354 -6.2101e-05
0.436244 0.409774 -6.89432e-05
0.443844 0.406379 -5.56396e-05
0.431681 0.412499 -5.91751e-05
0.435186 0.414337 -5.13171e-05
0.446147 0.413114 -5.04284e-05
0.445389 0.419931 -7.02548e-05
0.444384 0.419371 -4.7137e-05
0.448606 0.424131 -6.66012e-05
0.450107 0.427178 -5.96528e-05
0.448987 0.423382 -5.43176e-05
0.45181 0.422443 -4.3902e-05
0.456277 0.435516 -7.12159e-05
0.450908 0.431394 -6.4584e-05
0.451271 0.42583 -5.36972e-05
0.456537 0.427804 -6.01152e-05
0.463002 0.427154 -4.07703e-05
0.453929 0.430979 -6.80138e-05
0.460321 0.431164 -4.38541e-05
0.459756 0.431391 -7.17438e-05
0.464645 0.430657 -5.30648e-05
0.470384 0.437553 -5.86645e-05
0.458728 0.433122 -4.947e-05
0.469642 0.440288 -4.22933e-05
0.463309 0.439554 -6.90645e-05
0.471837 0.44263 -5.59825e-05
0.47146 0.441083 -5.61047e-05
0.471979 0.441771 -6.10157e-05
0.473505 0.450457 -6.55812e-05
0.475962 0.447796 -5.98141e-05
0.479709 0.448568 -5.34469e-05
0.476784 0.450499 -6.43587e-05
0.475252 0.448687 -6.09897e-05
0.482645 0.455364 -6.74663e-05
0.480467 0.449413 -4.43681e-05
0.480209 0.454114 -8.93191e-05
0.488239 0.458771 -8.16021e-05
0.474355 0.456887 -5.67801e-05
0.488924 0.459738 -5.73713e-05
0.493871 0.462651 -5.36991e-05
0.497139 0.460609 -8.92891e-05
0.493148 0.457193 -5.87794e-05
0.490853 0.462855 -5.94452e-05
0.495976 0.465129 -4.51016e-05
0.491191 0.467078 -9.0405e-05
0.496214 0.470763 -7.96309e-05
0.502662 0.469937 -5.63075e-05
0.498421 0.471303 -7.42692e-05
0.498148 0.468593 -6.05627e-05
0.50435 0.470761 -6.48884e-05
0.503158 0.471208 -8.46732e-05
0.499361 0.472689 -4.56386e-05
0.507447 0.475227 -5.76186e-05
0.502686 0.473587 -7.43903e-05
0.504822 0.477103 -7.70105e-05
0.502642 0.481003 -8.62873e-05
0.513809 0.475724 -7.65403e-05
0.51157 0.484083 -5.55328e-05
0.511064 0.478141 -7.90294e-05
0.516436 0.490754 -9.87421e-05
0.513323 0.486374 -8.24576e-05
0.521413 0.48636 -5.79377e-05
0.514973 0.488517 -6.37807e-05
0.513522 0.484492 -5.53791e-05
0.526197 0.497526 -6.41086e-05
0.525117 0.492445 -6.37281e-05
0.524715 0.489009 -7.6753e-05
0.52702 0.492049 -9.05189e-05
0.531245 0.493969 -5.57491e-05
0.526671 0.496571 -8.74929e-05
0.530023 0.50002 -7.01221e-05
0.528078 0.50032 -8.44426e-05
0.528564 0.504793 -7.50822e-05
0.531735 0.500256 -7.53555e-05
0.538626 0.499902 -8.77785e-05
0.537982 0.505462 -7.00307e-05
0.544728 0.508202 -7.66188e-05
0.543213 0.51701 -8.22786e-05
0.542116 0.510786 -6.90933e-05
0.54396 0.51586 -8.7616e-05
0.543193 0.514274 -9.39825e-05
0.54613 0.515344 -9.32177e-05
0.545744 0.510466 -5.09901e-05
0.554497 0.519762 -5.17289e-05
0.544166 0.512427 -0.000108088
0.543311 0.512423 -7.92575e-05
0.552306 0.517299 -7.05029e-05
0.553414 0.518072 -8.27899e-05
0.555494 0.524324 -9.36756e-05
0.56267 0.52209 -4.38035e-05
0.556378 0.524651 -7.6529e-05
0.554488 0.528023 -8.89416e-05
0.566017 0.526651 -8.10253e-05
0.560738 0.525919 -6.41934e-05
0.560497 0.531656 -7.49682e-05
0.564078 0.533367 -8.50401e-05
0.566502 0.533955 -6.07357e-05
0.569716 0.53338 -5.60546e-05
0.561799 0.531806 -8.08786e-05
0.575758 0.537446 -7.60993e-05
0.57633 0.538489 -7.54853e-05
0.576565 0.543014 -9.74224e-05
0.579925 0.547401 -6.55758e-05
0.570819 0.536881 -6.02845e-05
0.578094 0.548072 -5.96203e-05
0.581789 0.545884 -7.55491e-05
0.579163 0.542318 -7.18436e-05
0.584007 0.546604 -8.18541e-05
0.583715 0.548803 -6.70715e-05
0.585228 0.551374 -5.8147e-05
0.580736 0.5441 -8.74303e-05
0.589792 0.5552 -9.19425e-05
0.586981 0.548376 -8.32707e-05
0.593073 0.551768 -8.52871e-05
0.586197 0.558677 -7.07884e-05
0.593142 0.554105 -9.05729e-05
0.596895 0.555824 -8.72724e-05
0.597415 0.565272 -9.53504e-05
0.600035 0.564211 -5.65868e-05
0.599537 0.564368 -9.47526e-05
0.600668 0.563132 -7.10431e-05
0.599143 0.569759 -7.383e-05
0.605389 0.564117 -7.94884e-05
0.610185 0.576895 -9.3446e-05
0.609628 0.571708 -9.65734e-05
0.610184 0.579362 -9.36625e-05
0.613308 0.574578 -8.85237e-05
0.610356 0.57825 -9.00806e-05
0.615622 0.574698 -7.63968e-05
0.613787 0.57701 -8.36691e-05
0.616565 0.576608 -8.24672e-05
0.62023 0.586025 -9.30813e-05
0.621507 0.581066 -7.56876e-05
0.614067 0.584287 -7.65352e-05
0.623425 0.585181 -6.21753e-05
0.627656 0.596551 -7.69629e-05
0.623049 0.587018 -8.76372e-05
0.630914 0.590551 -5.37696e-05
0.626334 0.586029 -8.67708e-05
0.628079 0.593655 -7.72935e-05
0.634617 0.591044 -8.46047e-05
0.635502 0.593956 -8.67047e-05
0.630646 0.593565 -7.79864e-05
0.634615 0.596615 -8.48057e-05
0.638207 0.603774 -8.0979e-05
0.642075 0.601741 -9.02194e-05
0.639216 0.598905 -8.44363e-05
0.636809 0.604971 -9.396e-05
0.640052 0.604707 -7.39714e-05
0.642418 0.607272 -8.10722e-05
0.640311 0.6023 -9.69497e-05
0.64868 0.612373 -9.62827e-05
0.649528 0.615306 -9.8791e-05
0.647507 0.614886 -7.45602e-05
0.649802 0.618594 -0.000104495
0.655635 0.61775 -8.97659e-05
0.661263 0.613903 -9.27121e-05
0.656196 0.618137 -8.93518e-05
0.66362 0.622045 -8.74735e-05
0.658194 0.619388 -7.6046e-05
0.662064 0.620617 -8.07322e-05
0.663231 0.619097 -8.98702e-05
0.664419 0.622937 -9.58798e-05
0.669769 0.629413 -9.79563e-05
0.665266 0.628564 -0.000113365
0.662636 0.629467 -8.65171e-05
0.672908 0.629229 -7.24075e-05
0.668957 0.628279 -9.38392e-05
0.667604 0.629278 -8.97596e-05
0.677024 0.637781 -9.21981e-05
0.675593 0.636209 -9.64908e-05
0.677479 0.638723 -7.44135e-05
0.678009 0.636874 -0.000110876
0.677497 0.639048 -9.32092e-05
0.67098 0.634827 -9.11399e-05
0.676348 0.636301 -0.00011503
0.682097 0.644953 -9.48057e-05
0.682467 0.6405 -9.71994e-05
0.683768 0.646436 -8.81145e-05
0.681765 0.638569 -9.27452e-05
0.686254 0.644044 -8.20881e-05
0.697451 0.650532 -9.85093e-05
0.693124 0.654684 -9.59021e-05
0.69687 0.658217 -8.07049e-05
0.702098 0.653493 -9.09082e-05
0.69888 0.648832 -0.000103091
0.699597 0.659733 -8.72783e-05
0.698095 0.65745 -7.91741e-05
0.703279 0.656664 -8.70426e-05
0.700927 0.661343 -0.000106054
0.7022 0.668905 -6.64387e-05
0.702231 0.661437 -8.93138e-05
0.708698 0.661795 -0.000102233
0.711958 0.665517 -0.000105798
0.710824 0.667339 -0.000102098
0.71599 0.671675 -9.37416e-05
0.715215 0.673584 -0.000110933
0.715801 0.664825 -7.2283e-05
0.71539 0.672832 -8.52231e-05
0.715927 0.679012 -0.000110548
0.712921 0.672929 -9.69866e-05
0.718765 0.679677 -8.03005e-05
0.722189 0.681169 -0.000102889
0.722884 0.675296 -9.96009e-05
0.721434 0.680259 -9.99225e-05
0.724508 0.683431 -0.000114696
0.732154 0.691282 -9.87745e-05
0.729484 0.687669 -8.72371e-05
0.733479 0.691267 -7.89459e-05
0.740851 0.685772 -8.71795e-05
0.739463 0.689147 -0.000101157
0.738204 0.690437 -9.11143e-05
0.738245 0.696801 -0.000107002
0.737574 0.697009 -8.77259e-05
0.740883 0.693025 -0.000103171
0.74243 0.698554 -9.41753e-05
0.747094 0.699577 -8.75011e-05
0.746403 0.701403 -0.000103404
0.75366 0.703024 -0.00010385
0.747823 0.704688 -0.000107535
0.750929 0.708002 -0.000114256
0.756123 0.709208 -0.000102136
0.754373 0.708925 -9.80105e-05
0.753747 0.703821 -9.78631e-05
0.755256 0.706401 -9.10692e-05
0.758465 0.71266 -0.000125229
0.762844 0.711941 -9.97205e-05
0.761646 0.719049 -0.000101888
0.760807 0.711087 -9.68637e-05
0.768107 0.715607 -0.00010712
0.767327 0.719003 -8.06124e-05
0.757479 0.71572 -0.000106308
0.767562 0.717876 -8.96336e-05
0.76829 0.725732 -0.000116987
0.767902 0.724962 -0.00011852
0.771167 0.724781 -7.76272e-05
0.779228 0.731136 -0.00012097
0.776531 0.728649 -0.000110545
0.776808 0.72718 -0.000102607
0.783492 0.73372 -0.000103253
0.785209 0.735983 -0.000100004
0.777931 0.739715 -0.000104065
0.785938 0.733663 -8.59884e-05
0.785645 0.735822 -9.72707e-05
0.782673 0.736021 -0.000119934
0.792006 0.743989 -0.000107084
0.795035 0.751804 -8.72663e-05
0.782575 0.744923 -8.24429e-05
0.794347 0.747238 -9.18291e-05
0.798315 0.751428 -0.000110816
0.796303 0.74814 -0.000107226
0.800411 0.754963 -0.000118409
0.801724 0.750428 -0.000110712
0.797132 0.748929 -0.000104471
0.797172 0.749393 -0.000101401
0.804739 0.754401 -0.000109388
0.806788 0.759144 -0.000103955
0.806772 0.760692 -0.000107444
0.802708 0.757163 -0.000101336
0.815138 0.762535 -0.000124878
0.811692 0.767616 -9.31781e-05
0.812461 0.767563 -0.000119382
0.815962 0.766254 -0.000104195
0.813016 0.77193 -0.000128339
0.824869 0.768254 -8.70954e-05
0.823936 0.772162 -0.000105426
0.816579 0.76577 -0.000108328
0.819834 0.774764 -0.000113426
0.827373 0.780823 -0.000112776
0.831079 0.785233 -0.000118004
0.83074 0.775203 -0.000107859
0.830556 0.77908 -0.000111163
0.831832 0.780543 -0.000108406
0.828889 0.784273 -0.00011328
0.826673 0.785229 -0.000107695
0.835701 0.786167 -0.000102168
0.838779 0.785635 -0.00010274
0.838381 0.785504 -0.000117883
0.84332 0.786323 -9.24116e-05
0.84433 0.787109 -0.000101668
0.853688 0.79836 -0.00012044
0.846227 0.791418 -0.000130471
0.8399 0.792947 -0.0001061
0.842322 0.795238 -0.000117606
0.849547 0.801777 -0.000125296
0.850937 0.806523 -0.00012184
0.860861 0.810777 -0.000122186
0.856633 0.80844 -0.000123462
0.858311 0.802683 -0.000111151
0.855343 0.804101 -9.20301e-05
0.862444 0.807745 -0.000113585
0.865189 0.81246 -0.000109621
0.860826 0.809694 -0.000123614
0.867808 0.819018 -0.000113127
0.874062 0.819922 -0.000111388
0.873632 0.822585 -0.000108844
0.865647 0.815755 -0.000119075
0.871267 0.821948 -0.000137471
0.872537 0.827715 -0.000110863
0.879 0.823226 -0.000125177
0.878852 0.825475 -0.000116302
0.874543 0.822416 -0.000119808
0.886046 0.828479 -0.000116284
0.882715 0.830881 -0.000123249
0.889461 0.837948 -0.00011301
0.888501 0.834751 -0.000109596
0.887997 0.83629 -0.000126049
0.883273 0.831354 -0.000121301
0.896742 0.84282 -0.000117791
0.886207 0.835895 -0.000131251
0.89637 0.8437 -0.000136086
0.896685 0.838791 -0.000106392
0.89904 0.837114 -0.000115164
0.899595 0.841561 -0.00014154
0.902161 0.845251 -0.000122599
0.90205 0.849452 -0.000113462
0.90122 0.842902 -0.000124253
0.905621 0.851503 -0.000132926
0.900039 0.850823 -0.000106759
0.906066 0.850973 -0.000122198
0.911779 0.854528 -0.000124955
0.906486 0.854949 -0.000114048
0.911041 0.858468 -0.000107876
0.913916 0.860087 -0.000112751
0.921589 0.867225 -0.000137479
0.913201 0.856386 -0.000129157
0.921518 0.862734 -0.000115972
0.919428 0.863917 -0.000133191
0.924454 0.866747 -0.000135631
0.925077 0.866598 -0.000103541
0.921053 0.863497 -0.000129962
0.931226 0.873622 -0.000114337
0.925942 0.87211 -0.000133132
0.93421 0.875302 -0.000131738
0.933265 0.880308 -0.000117705
0.929954 0.879111 -0.000147589
0.928965 0.878146 -0.000105106
0.935635 0.87316 -0.000106337
0.943629 0.883911 -0.000108165
0.939069 0.885954 -0.000116435
0.946201 0.883687 -0.000139056
0.949149 0.888028 -0.000137347
0.947757 0.891393 -0.000117891
0.947312 0.889477 -0.000129214
0.953152 0.897636 -0.000131478
0.955168 0.899736 -0.000127749
0.949967 0.893668 -0.000115562
0.954032 0.892307 -0.000111698
0.9619 0.903962 -0.000132705
0.955847 0.895502 -0.0001171
0.954262 0.902748 -0.000118388
0.959432 0.901809 -0.000112929
0.96553 0.907245 -0.000128542
0.964027 0.903647 -0.000107179
0.963902 0.904977 -0.000129775
0.970659 0.90771 -0.000130785
0.970167 0.910009 -0.000132915
0.967849 0.907123 -0.000109734
0.971424 0.915696 -0.000123384
0.972801 0.913571 -0.000136057
0.976111 0.919532 -0.000136369
0.973754 0.914205 -0.000142334
0.975936 0.916872 -0.000134202
0.979658 0.922256 -0.000153495
0.98542 0.92759 -0.000137078
0.978719 0.919884 -0.000126222
0.98447 0.922957 -0.000120422
0.984935 0.925335 -0.000136431
0.993359 0.931586 -0.000144162
0.995888 0.933544 -0.000133827
0.991124 0.937608 -0.000107232
0.989085 0.934361 -0.000136842
0.994985 0.937457 -0.000149025
0.999847 0.939434 -0.000153571
1.00114 0.939231 -0.00011633
1.00131 0.941003 -0.000139325
1.00077 0.947265 -0.000146399
1.00968 0.952326 -0.000123396
0.999052 0.944494 -0.000147571
1.00514 0.943242 -0.000129551
1.0071 0.937824 -0.000125221
1.00826 0.950266 -0.000122199
1.01279 0.947985 -0.00013173
1.01557 0.953538 -0.000137007
1.01737 0.95609 -0.000151811
1.02111 0.958763 -0.000135698
1.02154 0.957152 -0.000140009
1.02134 0.956365 -0.000119502
1.02144 0.962311 -0.000147341
1.02521 0.975522 -0.00014935
1.02644 0.958934 -0.000147852
1.03117 0.974822 -0.000146252
1.02986 0.963384 -0.000114727
1.03054 0.962342 -0.000115261
1.0291 0.963402 -0.000140703
1.03773 0.97431 -0.000133342
1.03486 0.975324 -0.000142773
1.04 0.974135 -0.000133911
1.04085 0.974879 -0.000136484
1.03855 0.984177 -0.000136351
1.04023 0.987968 -0.000145877
1.04398 0.986458 -0.000155686
1.04266 0.977289 -0.000125084
1.04234 0.977656 -0.000161526
1.04738 0.983806 -0.000136022
1.05109 0.98734 -0.000150217
1.05581 0.989743 -0.000150008
1.05372 0.991449 -0.00015975
1.0564 0.989812 -0.000147273
1.06175 1.00274 -0.000150061
1.06162 0.996434 -0.000144987
1.05835 0.995175 -0.000122129
1.06592 0.999905 -0.000147535
1.06267 0.997647 -0.000137485
1.06369 1.00267 -0.000151066
1.0642 1.00239 -0.000126525
1.07291 1.00787 -0.000130559
1.07311 1.00633 -0.000147473
1.06928 1.00972 -0.000141295
1.07513 1.00905 -0.000156065
1.07671 1.01473 -0.000135945
1.08505 1.01797 -0.000176624
1.07793 1.01281 -0.000147249
1.08521 1.01679 -0.000129263
1.08806 1.02426 -0.00015666
1.09152 1.02055 -0.000162987
1.08445 1.02213 -0.000172472
1.08535 1.02402 -0.000147947
1.08777 1.02622 -0.000165262
1.09305 1.0243 -0.000150579
1.09361 1.0302 -0.000141615
1.0974 1.03717 -0.000150466
1.09934 1.03009 -0.000158209
1.10144 1.03461 -0.000160251
1.10052 1.0374 -0.000162615
1.10515 1.03928 -0.000162156
1.1008 1.03679 -0.000131539
1.10702 1.04292 -0.000162994
1.1118 1.04745 -0.000148816
1.1023 1.03984 -0.000151144
1.11317 1.04601 -0.000116772
1.11336 1.04671 -0.000180163
1.11798 1.05697 -0.000146441
1.11557 1.0475 -0.000127525
1.11487 1.05011 -0.000132429
1.12062 1.05006 -0.000160726
1.12718 1.05354 -0.000153062
1.12879 1.0604 -0.000168228
1.12934 1.06057 -0.000167659
1.13338 1.06319 -0.000133192
1.13115 1.06934 -0.000170088
1.13802 1.06703 -0.000137222
1.13388 1.06558 -0.000155121
1.13618 1.06953 -0.0001296
1.13409 1.05974 -0.000152665
1.14246 1.0685 -0.000141921
1.14579 1.07644 -0.000171146
1.14295 1.07389 -0.000153981
1.14773 1.07432 -0.000163042
1.14595 1.08562 -0.000155551
1.15322 1.08078 -0.000160568
1.15277 1.07974 -0.000140275
1.1516 1.08295 -0.000156307
1.14661 1.08698 -0.000169033
1.15419 1.09054 -0.000164637
1.16073 1.09563 -0.000163596
1.15581 1.09329 -0.000146671
1.16449 1.09565 -0.000150257
1.16301 1.09327 -0.00013906
1.16642 1.09498 -0.000154308
1.16976 1.10338 -0.000188981
1.16602 1.09189 -0.000145375
1.16886 1.09878 -0.000171863
1.17484 1.10353 -0.00014366
1.17828 1.10821 -0.000150529
1.17569 1.10215 -0.000139362
1.17988 1.10694 -0.00015541
1.17698 1.10297 -0.000166065
1.18121 1.11023 -0.000167657
1.18421 1.10651 -0.00016557
1.18654 1.11318 -0.000164219
1.18406 1.1189 -0.000166919
1.18537 1.11428 -0.000139297
1.18715 1.11847 -0.000142639
1.18909 1.11621 -0.000148713
1.18938 1.11991 -0.000165291
1.19441 1.12143 -0.000166713
1.19278 1.12394 -0.000161641
1.20103 1.13286 -0.00017717
1.19986 1.12339 -0.00017844
1.20621 1.13153 -0.000150948
1.20522 1.13137 -0.00016426
1.20131 1.13337 -0.000168737
1.20163 1.1301 -0.000151429
1.20892 1.13941 -0.000157285
1.21061 1.13025 -0.000154326
1.21003 1.13969 -0.00015998
1.21103 1.14546 -0.000149612
1.21799 1.14426 -0.000156882
1.22095 1.14577 -0.000162345
1.2202 1.14484 -0.000141849
1.22403 1.15039 -0.000172618
1.23139 1.15167 -0.000146312
1.22735 1.15542 -0.000173451
1.22966 1.15444 -0.000171033
1.2274 1.15814 -0.000182122
1.23117 1.15213 -0.000171078
1.23416 1.15411 -0.000174082
1.23851 1.15567 -0.000167308
1.23322 1.16045 -0.000155391
1.24083 1.16684 -0.000172455
1.24402 1.16755 -0.000147921
1.23665 1.16301 -0.000173603
1.2438 1.16986 -0.000159772
1.24896 1.17606 -0.000175913
1.25232 1.17042 -0.000157887
1.24939 1.17173 -0.000159567
1.25141 1.17719 -0.000172126
1.25715 1.17904 -0.000141707
1.25434 1.18116 -0.000159621
1.25292 1.17748 -0.000153615
1.25698 1.18535 -0.0001608
1.25983 1.18854 -0.000164972
1.26016 1.18917 -0.000178382
1.2638 1.18574 -0.000145948
1.26321 1.18457 -0.000174745
1.26657 1.19219 -0.000147006
1.27026 1.19377 -0.000183206
1.26629 1.194 -0.000169798
1.27975 1.19114 -0.00016503
1.27661 1.20385 -0.000192867
1.27307 1.19968 -0.000167332
1.28128 1.19888 -0.000156152
1.28319 1.20595 -0.000173936
1.28232 1.20635 -0.000190939
1.2827 1.20744 -0.000161213
1.2848 1.2095 -0.000180955
1.2921 1.21327 -0.000174805
1.29554 1.21642 -0.000185863
1.29282 1.21316 -0.000150685
1.29871 1.21596 -0.000173474
1.29985 1.22235 -0.000185142
1.2972 1.21875 -0.000173097
1.29955 1.22104 -0.000146978
1.30813 1.21965 -0.000160594
1.30347 1.22358 -0.000167877
1.30381 1.22325 -0.000170931
1.30345 1.22537 -0.00017778
1.30524 1.22785 -0.000173262
1.31079 1.2317 -0.000180568
1.31056 1.2315 -0.000176289
1.32043 1.24462 -0.000194759
1.31576 1.23551 -0.000159962
1.31404 1.23929 -0.00018126
1.32015 1.23633 -0.000152433
1.32194 1.24205 -0.000193698
1.32461 1.24025 -0.000158351
1.3292 1.24554 -0.000167584
1.32145 1.24354 -0.000153388
1.33481 1.25438 -0.000185618
1.33338 1.24937 -0.000167289
1.34051 1.24702 -0.000190333
1.33223 1.25019 -0.000180051
1.33522 1.25823 -0.000168756
1.33607 1.25547 -0.000162979
1.3364 1.25459 -0.000188159
1.34724 1.26433 -0.00016217
1.34731 1.26359 -0.000173988
1.34409 1.27023 -0.000171914
1.34486 1.26293 -0.000186966
1.34445 1.26629 -0.000182965
1.35261 1.26553 -0.000188809
1.35007 1.26847 -0.000172148
1.35106 1.26954 -0.000156106
1.35156 1.26894 -0.000195205
1.35429 1.2809 -0.000192094
1.35955 1.2788 -0.000177999
1.35281 1.27585 -0.000175279
1.36684 1.28357 -0.00016377
1.3703 1.28289 -0.000163971
1.36717 1.28685 -0.000183998
1.36742 1.28986 -0.000208882
1.37013 1.29191 -0.000198108
1.37634 1.2862 -0.000172041
1.38562 1.29588 -0.000178911
1.37646 1.29644 -0.000175736
1.38044 1.29915 -0.000170259
1.38168 1.29924 -0.000196196
1.37882 1.30101 -0.000185214
1.38168 1.30034 -0.000215115
1.38683 1.30479 -0.000187701
1.3851 1.3013 -0.000179308
1.39531 1.30839 -0.000172808
1.38915 1.3095 -0.000189065
1.39222 1.3041 -0.00016272
1.39128 1.30959 -0.000183522
1.40304 1.31639 -0.000180829
1.3993 1.31215 -0.00017016
1.4051 1.31814 -0.000186388
1.40916 1.32056 -0.000207805
1.4107 1.32674 -0.000182113
1.40816 1.31959 -0.000203021
1.40979 1.32482 -0.000167912
1.41568 1.3289 -0.000184053
1.41359 1.32428 -0.000177059
1.41533 1.33026 -0.00018221
1.41419 1.33457 -0.000173393
1.42048 1.33553 -0.000184378
1.41842 1.33535 -0.000192851
1.4208 1.33827 -0.000179471
1.42422 1.33551 -0.000168431
1.42801 1.34153 -0.000179754
1.42837 1.34225 -0.000194933
1.43171 1.34676 -0.000177273
1.4323 1.3444 -0.000202128
1.43484 1.35136 -0.000192291
1.43859 1.34989 -0.000219575
1.4359 1.35063 -0.000191907
1.44117 1.35588 -0.000188111
1.44111 1.35943 -0.000198319
1.45046 1.35776 -0.000190851
1.44724 1.36465 -0.000193701
1.44579 1.35651 -0.000193797
1.4505 1.36958 -0.000211923
1.45244 1.36406 -0.000171932
1.45828 1.36517 -0.000181396
1.45558 1.36427 -0.000189198
1.46358 1.37539 -0.000209557
1.45502 1.37386 -0.000213719
1.45903 1.36994 -0.000188643
1.46751 1.37522 -0.000188142
1.4714 1.37639 -0.000185785
1.47071 1.38243 -0.000213522
1.46483 1.37752 -0.000191316
1.47373 1.38463 -0.000190188
1.47157 1.38709 -0.00023853
1.4761 1.38157 -0.000200696
1.4793 1.38852 -0.000187559
1.47377 1.38395 -0.000217619
1.48326 1.39344 -0.000197984
1.48374 1.39332 -0.000205356
1.47955 1.39075 -0.000166615
1.48584 1.39929 -0.000197136
1.48885 1.40313 -0.000219686
1.49446 1.40428 -0.000220367
1.49877 1.40422 -0.000179594
1.48906 1.40347 -0.000195959
1.49985 1.40254 -0.000192872
1.49917 1.41074 -0.000216993
1.4994 1.41537 -0.000172652
1.50336 1.41419 -0.000196099
1.50724 1.41595 -0.000202128
1.50862 1.41528 -0.000187328
1.50221 1.41824 -0.000213021
1.50444 1.41972 -0.000213315
1.5078 1.42008 -0.00019701
1.50996 1.42663 -0.000197259
1.51965 1.42295 -0.000183857
1.51762 1.43272 -0.000238516
1.51702 1.43114 -0.000195368
1.51448 1.42403 -0.000219651
1.51901 1.43316 -0.000203131
1.52404 1.43578 -0.000199234
1.52875 1.4367 -0.000213093
1.53325 1.44096 -0.000195028
1.53493 1.43702 -0.000190862
1.53863 1.44512 -0.000224532
1.53384 1.44288 -0.000220369
1.54012 1.45131 -0.000214067
1.5387 1.44524 -0.000183456
1.5454 1.44525 -0.000182052
1.54142 1.44525 -0.000216376
1.54832 1.45094 -0.000221062
1.54431 1.44794 -0.000186289
1.55144 1.45946 -0.000232811
1.55163 1.46014 -0.000201745
1.55493 1.45582 -0.000193719
1.5506 1.45212 -0.000188318
1.55813 1.46428 -0.000216664
1.5626 1.4674 -0.000210565
1.5575 1.46336 -0.000209341
1.56715 1.47093 -0.000208986
1.56786 1.47281 -0.000224755
1.5647 1.47615 -0.00021754
1.56508 1.47063 -0.000184102
1.57615 1.47813 -0.000221897
1.5668 1.47558 -0.000212288
1.57781 1.48132 -0.000217546
1.57585 1.48601 -0.000200812
1.57892 1.48248 -0.000189009
1.58449 1.48545 -0.000225555
1.5868 1.48577 -0.000220673
1.58627 1.48848 -0.000207961
1.5865 1.49164 -0.000222335
1.58741 1.49564 -0.000226274
1.59121 1.49731 -0.000223619
1.58713 1.49702 -0.000221258
1.59175 1.49986 -0.000200298
1.60406 1.50086 -0.000202991
1.60372 1.50425 -0.000206647
1.5993 1.49886 -0.000229454
1.60707 1.50813 -0.00019566
1.60706 1.5056 -0.000217027
1.60528 1.51306 -0.000212366
1.60991 1.51775 -0.00023229
1.60985 1.51416 -0.000204177
1.61014 1.5225 -0.000215812
1.61178 1.51406 -0.000204159
1.61626 1.51835 -0.000245345
1.61525 1.51787 -0.000224924
1.62694 1.52767 -0.000209982
1.61934 1.52169 -0.000217998
1.63048 1.52558 -0.000208647
1.62483 1.52468 -0.000236604
1.62823 1.52956 -0.000221629
1.62398 1.52425 -0.000220084
1.63384 1.53025 -0.000198883
1.63718 1.53595 -0.000216257
1.63209 1.54008 -0.000222469
1.63715 1.53666 -0.000209667
1.6428 1.54197 -0.000218078
1.64197 1.54776 -0.000220422
1.64305 1.54856 -0.000248214
1.64757 1.5468 -0.000194934
1.64606 1.55103 -0.000199418
1.65495 1.55366 -0.000224995
1.64978 1.5552 -0.000242729
1.64875 1.55207 -0.000205387
1.657 1.56139 -0.000200727
1.66313 1.56123 -0.000189658
1.65932 1.56307 -0.000215492
1.66116 1.56347 -0.000217631
1.66856 1.56687 -0.000217199
1.67785 1.57188 -0.000236008
1.67031 1.57149 -0.000227407
1.67132 1.57248 -0.000218808
1.67351 1.57406 -0.000232197
1.67789 1.57906 -0.000227207
1.6828 1.57885 -0.000249189
1.67942 1.5767 -0.000217603
1.68409 1.57899 -0.000218125
1.68151 1.58415 -0.00022097
1.68345 1.58818 -0.000213962
1.68524 1.59105 -0.000209505
1.68559 1.59079 -0.000210707
1.68839 1.59206 -0.00023102
1.69852 1.59349 -0.000249651
1.69876 1.59669 -0.000227303
1.69168 1.59619 -0.000214512
1.69175 1.59137 -0.00022956
1.70397 1.59887 -0.000225911
1.70335 1.60616 -0.000216174
1.70804 1.60119 -0.000204634
1.70731 1.60546 -0.000257906
1.70926 1.60615 -0.000237615
1.71728 1.61829 -0.000239332
1.72271 1.61358 -0.000217214
1.72178 1.61655 -0.000227112
1.71953 1.61725 -0.000236916
1.72923 1.61892 -0.000239614
1.72288 1.61567 -0.000220757
1.72519 1.61835 -0.000241307
1.72403 1.62399 -0.000223039
1.72124 1.62386 -0.000225979
1.72485 1.62481 -0.000250023
1.73667 1.63409 -0.000231985
1.73479 1.63262 -0.000236459
1.74311 1.63711 -0.000234413
1.73825 1.63576 -0.000228255
1.73899 1.64305 -0.000235537
1.75014 1.645 -0.000246752
1.74248 1.64706 -0.000225705
1.75389 1.64165 -0.000217696
1.7491 1.64718 -0.000240175
1.74673 1.65613 -0.000262642
1.75494 1.64599 -0.000236554
1.75428 1.65058 -0.00024447
1.76934 1.65111 -0.000227521
1.76394 1.65612 -0.000237399
1.76295 1.66309 -0.0002332
1.76273 1.65798 -0.000239057
1.76194 1.66325 -0.000257242
1.77248 1.66359 -0.000235377
1.77314 1.66604 -0.00023641
1.76808 1.66352 -0.00026467
1.78053 1.66839 -0.000218865
1.7785 1.66745 -0.000238213
1.77805 1.67093 -0.000230764
1.78204 1.6725 -0.000233525
1.7804 1.67544 -0.000259792
1.78249 1.67595 -0.000236075
1.7915 1.68174 -0.000253459
1.78454 1.68439 -0.000221764
1.79379 1.681 -0.000241016
1.78833 1.68688 -0.0002414
1.80171 1.69726 -0.000253279
1.79708 1.68842 -0.000229706
1.80209 1.68661 -0.00021276
1.80377 1.70129 -0.000245956
1.80758 1.69749 -0.00024109
1.80223 1.69375 -0.000231855
1.80946 1.6973 -0.000244579
1.80836 1.69741 -0.000228127
1.81045 1.70052 -0.000229616
1.82097 1.71208 -0.000250912
1.81622 1.7075 -0.000257238
1.82604 1.71563 -0.000243193
1.82629 1.71843 -0.000255121
1.82458 1.71512 -0.000240886
1.82337 1.71335 -0.000235812
1.82742 1.71492 -0.000228627
1.83715 1.71977 -0.000243534
1.83014 1.72068 -0.00025124
1.83172 1.72064 -0.000276675
1.83417 1.72529 -0.000258188
1.84222 1.73789 -0.00025415
1.84125 1.72591 -0.000235937
1.83822 1.72996 -0.000255706
1.83893 1.72616 -0.000233227
1.84195 1.73207 -0.000269151
1.84965 1.73669 -0.000237094
1.84669 1.73766 -0.000252821
1.85164 1.74076 -0.000258737
1.85094 1.74152 -0.000245187
1.85583 1.73804 -0.000242424
1.8601 1.74975 -0.000247997
1.86214 1.74894 -0.000246787
1.86682 1.74892 -0.00023853
1.86887 1.74814 -0.00025613
1.87298 1.75751 -0.000259654
1.87271 1.76018 -0.000238593
1.86918 1.7612 -0.000262626
1.87227 1.76268 -0.000265675
1.87783 1.75559 -0.000246955
1.87272 1.75991 -0.000237127
1.88235 1.76733 -0.000229819
1.88583 1.77109 -0.000243212
1.88369 1.7656 -0.000235957
1.88476 1.76799 -0.000261976
1.88926 1.77363 -0.000247563
1.88303 1.77411 -0.000245148
1.89946 1.78059 -0.000255483
1.89838 1.78052 -0.000278573
1.90179 1.77981 -0.000235765
1.9002 1.78118 -0.000247354
1.90195 1.78795 -0.000269602
1.90294 1.79083 -0.000265631
1.90734 1.79674 -0.00024059
1.91165 1.78613 -0.000255041
1.91155 1.79284 -0.000236428
1.91282 1.80161 -0.000250586
1.91909 1.79944 -0.000262344
1.92172 1.79969 -0.000242773
1.9181 1.80309 -0.000265333
1.9182 1.80781 -0.000269322
1.92319 1.81054 -0.00025858
1.92555 1.8091 -0.00027219
1.93226 1.81496 -0.000245936
1.92798 1.80895 -0.000265087
1.92798 1.81069 -0.000243982
1.93632 1.81532 -0.000263757
1.93383 1.81247 -0.000257204
1.94332 1.82572 -0.00026551
1.94117 1.82639 -0.000245941
1.94418 1.82568 -0.000260104
1.94997 1.83056 -0.000277489
1.94451 1.83102 -0.000258207
1.95258 1.83391 -0.000255764
1.94895 1.83395 -0.000251856
1.95971 1.83853 -0.000241161
1.95959 1.83529 -0.00026168
1.95509 1.84354 -0.000267668
1.95758 1.84422 -0.000254476
1.96424 1.84525 -0.000264184
1.96059 1.845 -0.000260836
1.96446 1.84843 -0.000282066
1.96811 1.84613 -0.000276254
1.97286 1.85508 -0.000261499
1.9763 1.85519 -0.000257861
1.97633 1.85818 -0.000256777
1.98231 1.85916 -0.00027732
1.98547 1.86184 -0.000269419
1.98044 1.85999 -0.000251321
1.98029 1.86052 -0.000278902
1.98626 1.865 -0.000261865
1.9906 1.87262 -0.000264277
1.98841 1.86679 -0.000283576
1.99122 1.8736 -0.000264541
1.99379 1.87594 -0.000266352
2.00306 1.88105 -0.000242248
1.99325 1.87713 -0.000268768
2.00137 1.8832 -0.000292676
2.00666 1.88395 -0.000276119
2.00983 1.88579 -0.000257628
2.00662 1.89044 -0.000272288
2.00926 1.88438 -0.000275387
2.01236 1.89179 -0.000253294
2.01579 1.89489 -0.000264968
2.0264 1.89587 -0.000252439
2.0241 1.90043 -0.000258695
2.02165 1.89486 -0.000261105
2.0223 1.89983 -0.000233109
2.02125 1.90098 -0.000281883
2.0302 1.90858 -0.000270696
2.03341 1.9096 -0.000261285
2.03355 1.91541 -0.000273258
2.03385 1.91057 -0.000304406
2.03552 1.91002 -0.000258141
2.04037 1.91296 -0.000259461
2.03717 1.91582 -0.000263175
2.03788 1.91605 -0.000272515
2.04842 1.92038 -0.00026617
2.04869 1.92414 -0.00026612
2.05059 1.9278 -0.000281559
2.04987 1.92636 -0.000278892
2.05484 1.9296 -0.000274325
2.05661 1.93148 -0.000274308
2.06194 1.94301 -0.000292439
2.05992 1.93629 -0.000264785
2.06053 1.93741 -0.000259813
2.06649 1.93893 -0.00026654
2.06618 1.94073 -0.000275785
2.06438 1.94527 -0.000284429
2.07398 1.94394 -0.000283274
2.07917 1.9534 -0.000293644
2.07009 1.95152 -0.000299195
2.0803 1.95877 -0.000281913
2.08436 1.95272 -0.000287372
2.08643 1.96256 -0.000279844
2.09039 1.9633 -0.000274732
2.08362 1.96347 -0.000310498
2.08494 1.96348 -0.000301447
2.08764 1.96494 -0.000292964
2.0917 1.97556 -0.000291444
2.0984 1.97302 -0.000278857
2.10324 1.97638 -0.000294519
2.09672 1.97284 -0.000300335
2.10553 1.97138 -0.000286276
2.10362 1.98022 -0.000289464
2.10976 1.98286 -0.000275389
2.10966 1.98294 -0.00028727
2.11005 1.97865 -0.000278516
2.11341 1.99048 -0.000294777
2.11746 1.98841 -0.000280825
2.11746 1.99277 -0.000283691
2.13008 1.99676 -0.000269177
2.12519 1.99455 -0.000278312
2.13121 2.00337 -0.000285858
2.13057 2.00084 -0.000284555
2.13187 2.00467 -0.000286017
2.13445 2.00501 -0.000295306
2.13924 2.00287 -0.000304567
2.13492 2.00328 -0.000272059
2.14581 2.01129 -0.000291027
2.14209 2.01388 -0.000282538
2.14253 2.00784 -0.0002792
2.14702 2.02605 -0.00030574
2.15073 2.01523 -0.000286777
2.15247 2.01869 -0.000294348
2.16089 2.02304 -0.000282251
2.15629 2.02393 -0.000279521
