-0.00330014 -0.00692029 -0.0057206
0.00313571 -0.00379457 -0.00552218
0.00421692 0.00778242 -0.00408335
0.000809783 0.0016899 -0.00659918
0.0113845 0.00714457 0.0157652
0.00166696 0.00173743 0.013354
0.0107619 0.00507014 0.0258993
0.00870736 0.0128183 0.00173588
0.00838292 0.00727731 0.0121133
0.0071618 0.00843609 0.00515969
0.00607794 0.00942815 0.000179115
0.00976442 0.0140662 8.02503e-05
0.00903854 0.0162334 -0.00962389
0.00967047 0.0110687 -0.00583977
0.0149344 0.0124381 0.00693605
0.019378 0.018482 0.0161251
0.0137049 0.0113776 0.00960479
0.0129556 0.0218637 0.00435723
0.0159188 0.018367 -0.00592985
0.0114692 0.0193079 -0.00613077
0.0121406 0.0104774 -0.00287111
0.0186991 0.0215949 -0.0198273
0.0223549 0.0239606 -0.0149273
0.0337909 0.0377047 0.0108335
0.0304172 0.0282291 0.0144248
0.0158123 0.0193708 -0.0129845
0.0151174 0.0222089 -0.0212824
0.0298731 0.0259294 0.00588435
0.0309371 0.0304631 -0.00673563
0.0270945 0.0260215 -0.00279158
0.0328939 0.0300338 0.00774919
0.0269208 0.0291263 0.0155441
0.0310714 0.0297101 -0.00385408
0.0366095 0.0425096 0.00168563
0.0334083 0.0345738 0.00106658
0.044707 0.0416858 0.0025577
0.0336786 0.0298999 -0.00110955
0.0396215 0.0355098 0.00130531
0.0421144 0.0443206 0.000547583
0.0327378 0.0409943 0.00430182
0.0423063 0.0362328 -0.00750258
0.047767 0.0382996 0.00827883
0.041969 0.0472822 -0.00704017
0.0432311 0.0392864 0.00988307
0.0476461 0.048771 0.00266439
0.0513204 0.0407081 0.0105708
0.0421648 0.0396376 -0.0148374
0.0463431 0.044251 -0.00139684
0.0480304 0.0513004 0.00109612
0.0541052 0.0510716 0.00165699
0.0523776 0.0502481 0.00490815
0.0523085 0.0487541 -0.00266409
0.0565036 0.0597409 0.00217487
0.0600877 0.0519059 0.00318155
0.0582278 0.051836 0.0189571
0.0653915 0.0648276 0.00584178
0.0547625 0.0529551 -0.00186614
0.0545334 0.0535663 0.00105532
0.053216 0.0620457 -0.00298493
0.0734201 0.0661419 0.034125
0.0679433 0.0687931 0.0149699
0.0607363 0.0573757 -0.00612679
0.0569171 0.0511345 -0.00355097
0.0639513 0.0652414 0.0030411
0.0656412 0.0680054 0.0140427
0.0670506 0.068631 0.00227936
0.0737287 0.0729826 0.00398425
0.0647972 0.0738496 -0.00675674
0.0773193 0.0779601 0.010771
0.0712269 0.0761239 -0.00227581
0.0720779 0.0719082 -0.0116397
0.0711954 0.0734832 -0.00809711
0.0710266 0.0745344 -0.0193563
0.0795166 0.0806487 0.00244661
0.0786207 0.0830849 0.00406032
0.0746352 0.0781997 0.00110281
0.0724465 0.0743578 -0.00690829
0.0791715 0.0775611 0.00937595
0.077918 0.0716823 -0.00821961
0.0842263 0.079173 0.00192001
0.0808387 0.0825903 0.00110523
0.0758937 0.082508 -0.0176079
0.0869249 0.089366 -0.00162393
0.0799921 0.0908079 0.00258484
0.0859719 0.0879047 0.000565787
0.0815359 0.0866974 -0.0147304
0.0865032 0.0918769 -0.0112874
0.0959183 0.0911216 0.019114
0.0894776 0.0911464 0.0032499
0.0873322 0.0929922 -0.0192203
0.100754 0.093934 0.0102941
0.0950567 0.095664 -0.00168308
0.103008 0.0925384 0.00943357
0.090758 0.0966649 -0.00583644
0.0974706 0.0969097 -0.000212633
0.100184 0.0982007 -0.00721444
0.0997382 0.0998754 -0.00353685
0.103632 0.105285 0.0117408
0.101694 0.10248 0.00948898
0.0962123 0.101553 -0.0255168
0.105089 0.10413 -0.00140012
0.106607 0.10317 -0.00183272
0.107184 0.0990879 0.0140322
0.103028 0.100068 0.00203191
0.109082 0.111677 0.00476847
0.116441 0.110353 0.0181684
0.117374 0.116551 0.00841971
0.108577 0.110492 0.00791606
0.116561 0.122272 -0.00423754
0.117019 0.114588 0.0173523
0.116618 0.111074 -0.00794563
0.110827 0.112663 -0.0110871
0.119902 0.117625 0.00304235
0.115619 0.12067 0.00269252
0.120192 0.122933 0.00100132
0.118404 0.123155 0.00308359
0.126833 0.122507 0.00933272
0.124228 0.124071 0.000345108
0.116627 0.122788 -0.0193071
0.128475 0.132455 0.00495477
0.130468 0.127402 0.0123419
0.133804 0.127284 0.00660798
0.13195 0.127986 0.0106964
0.131705 0.132225 -0.00331162
0.13087 0.137184 0.000453398
0.128425 0.131916 0.00466521
0.128047 0.132262 -0.0152369
0.131948 0.140593 -0.000203402
0.14629 0.140665 0.0341291
0.137517 0.136207 0.00756323
0.132415 0.132062 -0.000721262
0.14999 0.144765 0.00899413
0.143242 0.141726 0.00233075
0.139115 0.142466 0.00304242
0.145752 0.144831 0.0158061
0.145806 0.140301 -0.00329837
0.143474 0.146647 0.00913631
0.140588 0.141268 -0.0170477
0.15566 0.149255 0.0200417
0.148477 0.147902 -0.010167
0.151011 0.149282 -0.00825403
0.153397 0.15049 0.00925044
0.147409 0.15432 -0.00626522
0.146115 0.147867 -0.0169899
0.149798 0.154756 -0.00224643
0.155997 0.14925 0.0208135
0.158619 0.162834 0.00332377
0.156409 0.156376 0.00449389
0.151482 0.157385 -0.00498102
0.16134 0.159979 0.00943256
0.164486 0.162428 0.011225
0.156418 0.158008 -0.00643742
0.161055 0.160942 -0.00489629
0.164531 0.16341 0.00105756
0.169685 0.161806 0.00831871
0.164425 0.166839 -0.00947287
0.172928 0.173054 -0.0022473
0.169282 0.168874 -0.0110023
0.173508 0.175067 0.00999383
0.183414 0.175879 0.0105551
0.173667 0.172769 -0.00581369
0.17775 0.172927 0.016201
0.171305 0.170576 -0.00305879
0.174611 0.180319 0.0104807
0.173226 0.180384 -0.00395104
0.176759 0.173553 0.00490069
0.175907 0.179271 -0.00327228
0.178283 0.181154 -0.00551866
0.174293 0.182134 -0.00449322
0.182105 0.184172 -0.0114223
0.182558 0.182045 -0.00408304
0.176618 0.183311 -0.0144779
0.192573 0.190766 0.00903217
0.180807 0.186351 -0.0104136
0.189549 0.189619 0.0151934
0.18919 0.189338 0.0126697
0.190352 0.186546 0.00256416
0.189512 0.192539 -0.00388327
0.185307 0.188406 -0.0100511
0.1966 0.196544 0.0122432
0.199434 0.203624 -0.00155967
0.201376 0.196569 0.0166769
0.200725 0.196038 -0.0110451
0.202403 0.195354 0.0068419
0.201829 0.195023 -0.00294191
0.200406 0.202773 -0.00422191
0.209127 0.207266 0.0109509
0.197782 0.202616 -0.0120703
0.211536 0.208442 0.0135599
0.201926 0.203741 -0.00988805
0.209887 0.210803 0.00225971
0.208641 0.206061 0.00336608
0.209954 0.213389 -0.00175004
0.203215 0.21007 -0.0124839
0.215217 0.21422 0.00601868
0.216006 0.214653 0.00681085
0.217932 0.217763 -0.000218153
0.217214 0.216387 0.00551437
0.213112 0.221167 -0.0127556
0.215947 0.222035 -0.000113951
0.220958 0.219651 -0.00318724
0.219256 0.221514 0.00746544
0.224161 0.21993 0.00470578
0.225258 0.221924 0.00865382
0.230754 0.225643 -0.000653931
0.227632 0.222498 0.00131061
0.223131 0.233556 -0.00266103
0.237526 0.232699 0.00734265
0.228621 0.228016 0.00625062
0.234657 0.233769 -0.000805163
0.234053 0.233533 0.003841
0.226569 0.223754 -0.0120443
0.241325 0.241116 0.0107728
0.23858 0.237058 0.0203119
0.235227 0.240022 -0.0133426
0.243301 0.234398 0.0147928
0.241209 0.237643 0.00544971
0.240178 0.244684 -0.0011187
0.233219 0.240221 -0.0184106
0.24808 0.24857 -0.00150813
0.24681 0.241736 -0.00279895
0.247438 0.248068 -0.0113562
0.248902 0.248102 0.00760032
0.245366 0.244122 0.00100093
0.257185 0.251142 0.0102951
0.256421 0.253218 -0.00511376
0.248748 0.248294 -0.0175317
0.244618 0.249905 -0.019429
0.250373 0.247752 0.00460203
0.265364 0.256277 0.0223866
0.251098 0.250421 -0.0176384
0.252157 0.251389 0.00585297
0.261962 0.263444 0.019074
0.259045 0.260252 0.00102339
0.262291 0.263165 0.00561433
0.26207 0.270307 -0.0142661
0.260091 0.267717 -0.020013
0.261433 0.260145 -0.000355668
0.259649 0.256574 -0.017292
0.267039 0.267816 -0.00598083
0.26302 0.267784 -0.00415833
0.263228 0.26275 -0.0167134
0.276999 0.267487 0.00959877
0.271357 0.272919 -0.0129245
0.263678 0.268454 -0.0114006
0.271342 0.275565 -0.0028511
0.274351 0.270643 -0.0198312
0.273816 0.275711 -0.0101901
0.283226 0.28395 0.0118513
0.278642 0.283803 -0.0104581
0.28012 0.285117 0.00429645
0.27731 0.277392 0.00555925
0.283557 0.284536 0.0080782
0.289784 0.289037 -0.0159394
0.293958 0.288645 -0.000977013
0.293387 0.29174 0.00152182
0.281937 0.282934 -0.0199899
0.293917 0.287909 0.00413911
0.289891 0.286283 -0.0227564
0.294892 0.295639 -0.00592478
0.296595 0.297156 -0.0141585
0.303273 0.302504 0.0106482
0.287501 0.299177 -0.0133107
0.294154 0.296214 -0.000926021
0.296763 0.290985 0.00677696
0.295765 0.297453 -0.00413257
0.304603 0.296667 0.0102178
0.299491 0.301805 0.000960579
0.308644 0.305085 0.00800276
0.303383 0.302466 0.00564946
0.307677 0.311959 0.00423023
0.306467 0.301823 0.0156374
0.311367 0.310462 -0.00261239
0.306841 0.313408 0.00620025
0.304488 0.307954 -0.000970542
0.315178 0.31143 0.0128422
0.309493 0.312379 -0.0072807
0.318121 0.313776 0.00144757
0.318174 0.317749 0.00299006
0.315665 0.31061 0.00188606
0.328496 0.322719 0.0139882
0.317677 0.31692 -0.000731591
0.32425 0.318031 0.00660914
0.319292 0.31781 0.000207462
0.330822 0.334117 0.0106444
0.324015 0.324423 -0.00688267
0.329191 0.325261 -0.00162785
0.325651 0.328544 -0.000440703
0.329298 0.335858 0.0087248
0.332105 0.32946 0.00485136
0.330682 0.334396 0.00647282
0.337413 0.333964 -0.00653825
0.334031 0.330691 -0.00469372
0.332715 0.326992 0.00259597
0.342732 0.341056 0.0246387
0.339147 0.339631 0.00265497
0.336198 0.336513 -0.0095628
0.344505 0.341923 -0.00838625
0.342986 0.349183 -0.00601406
0.349678 0.342522 0.0189006
0.3468 0.339809 -0.000918849
0.342519 0.342244 -0.00779555
0.349167 0.349449 -0.0164496
0.352066 0.342046 0.0174408
0.348696 0.349917 -0.0138787
0.352512 0.351774 0.00370766
0.353749 0.356753 -0.00852501
0.350149 0.350768 -0.00194076
0.360001 0.355904 0.00830385
0.356894 0.352007 -0.00403003
0.357751 0.3562 0.00895738
0.371377 0.363885 0.0153685
0.361563 0.357235 -0.00820096
0.368974 0.360359 0.0286677
0.368219 0.361954 0.0108174
0.3603 0.363467 -0.00662083
0.362034 0.363707 -0.0238777
0.370679 0.365998 0.0085595
0.372659 0.363822 0.0194527
0.376258 0.379279 0.00919972
0.379062 0.374282 0.00569398
0.373289 0.370099 0.00558652
0.371789 0.374095 -0.00412672
0.372221 0.373066 0.0212715
0.380905 0.381908 0.00225608
0.377549 0.371453 -0.0126497
0.380933 0.377396 0.0109945
0.376176 0.374472 -0.021764
0.384089 0.379291 0.00998589
0.389353 0.384688 -0.000338602
0.382307 0.389473 0.00734495
0.38791 0.387469 0.00367835
0.385927 0.384176 0.00341581
0.383764 0.386413 -0.0101494
0.383914 0.388878 -0.00884599
0.384266 0.389688 -0.0056755
0.39376 0.39648 0.0164996
0.38898 0.390289 -0.0196624
0.390824 0.39199 -0.0195609
0.396297 0.39487 0.00032965
0.402137 0.398977 -0.00214507
0.402372 0.401324 0.0141089
0.400674 0.405679 -0.00628052
0.404832 0.400256 0.0054311
0.40126 0.405186 -0.00820977
0.403751 0.404108 -0.00104758
0.409786 0.410226 0.00050212
0.4123 0.410451 0.0163572
0.40475 0.406712 -0.00507068
0.404602 0.402405 -0.01708
0.409978 0.414211 -0.0119104
0.411805 0.408516 0.00503776
0.419527 0.416789 0.00561386
0.41301 0.411965 -0.00410264
0.41039 0.41771 -0.0151514
0.411336 0.41596 -0.00253068
0.412334 0.418996 -0.0192128
0.421686 0.414914 0.0143597
0.419089 0.422356 -0.0122039
0.428238 0.432382 0.00193875
0.431881 0.433872 0.0210718
0.422232 0.42371 0.00231891
0.427302 0.422124 -0.000764715
0.424562 0.423822 -0.00594957
0.435477 0.43142 -0.00796643
0.435415 0.427007 0.00491224
0.433496 0.431693 0.00456329
0.435337 0.433288 0.0114463
0.440272 0.43991 0.0260278
0.434751 0.44067 0.00496414
0.436426 0.44168 -0.00694304
0.426154 0.433747 -0.0287888
0.442703 0.44184 0.00765477
0.444283 0.444506 -0.00558816
0.44546 0.439722 0.0172877
0.445245 0.449197 -0.0109396
0.445845 0.444339 -0.0109591
0.45484 0.450408 0.0169926
0.451479 0.443135 0.00627074
0.446767 0.442722 -0.00102834
0.454943 0.456535 -0.00283644
0.450537 0.450998 -0.00940867
0.460867 0.4496 0.00209332
0.448605 0.455591 0.0015759
0.45445 0.458737 0.00837472
0.464619 0.45767 0.00781924
0.460466 0.46246 -0.00792567
0.464138 0.464348 0.0129779
0.464916 0.467761 -0.00489342
0.468392 0.472275 0.00344052
0.468141 0.468502 0.00791974
0.473199 0.469082 0.017004
0.47184 0.479776 -0.00878209
0.467945 0.476214 -0.00306009
0.469972 0.470806 0.0059349
0.473817 0.472622 0.00103507
0.485374 0.474852 0.0203434
0.469662 0.47535 -0.00703298
0.481949 0.478373 0.0157456
0.475163 0.475276 -0.00789637
0.484039 0.476689 0.0087661
0.489165 0.484156 0.00343734
0.479106 0.480077 0.0106163
0.492826 0.489223 0.0203763
0.479938 0.484635 -0.00567221
0.491318 0.49 0.00659567
0.491711 0.488708 0.00807941
0.490492 0.488841 0.00182907
0.492212 0.497746 0.00106321
0.494979 0.495707 0.00256944
0.500409 0.496976 0.00973524
0.495132 0.497565 0.000718595
0.493944 0.49601 0.00266895
0.500249 0.503032 -0.00381639
0.503692 0.499193 0.0187278
0.493351 0.498505 -0.0226869
0.503374 0.505028 -0.0133016
0.494369 0.505117 0.0061978
0.509371 0.508908 0.00694689
0.515151 0.512542 0.0109801
0.510496 0.50639 -0.0215787
0.513227 0.505965 0.00732962
0.512221 0.512202 0.00805534
0.520083 0.517133 0.02097
0.505332 0.513758 -0.0208022
0.512934 0.518428 -0.0102709
0.524077 0.520931 0.0104079
0.515296 0.519277 -0.00723161
0.518555 0.518267 0.00601874
0.524091 0.520147 0.00282746
0.518019 0.518319 -0.0167222
0.523743 0.524749 0.0196706
0.529319 0.52697 0.0102165
0.520825 0.522314 -0.00506031
0.522241 0.525476 -0.00887877
0.518368 0.529151 -0.0154876
0.530606 0.524555 -0.00875524
0.534597 0.536354 0.0126609
0.527941 0.527269 -0.0109537
0.5296 0.538154 -0.0273986
0.530052 0.535277 -0.0120143
0.543294 0.538749 0.00852789
0.536201 0.539983 0.0051174
0.536452 0.536831 0.0131886
0.54796 0.550464 0.00604488
0.54705 0.545209 0.00678373
0.542667 0.539524 -0.00691863
0.54294 0.541123 -0.0174232
0.55516 0.547605 0.0141175
0.543507 0.547034 -0.0147423
0.551062 0.552714 0.0013823
0.545747 0.551374 -0.0111734
0.548576 0.557237 -0.00183587
0.551173 0.552462 -0.00324263
0.554992 0.550061 -0.0160982
0.558939 0.558646 0.00201599
0.56394 0.560576 -0.00430141
0.562092 0.570424 -0.00900886
0.563692 0.564585 0.0028172
0.562999 0.568541 -0.0106099
0.55979 0.565836 -0.0177848
0.563176 0.56744 -0.0158618
0.571649 0.566944 0.020748
0.580613 0.576819 0.0201617
0.557891 0.562271 -0.0297805
0.563548 0.565526 -0.003441
0.574898 0.57216 0.00538469
0.572602 0.571291 -0.00739534
0.572365 0.576828 -0.0174588
0.591466 0.581253 0.0313949
0.577704 0.579505 -0.0010677
0.572482 0.581442 -0.0136055
0.586183 0.581501 -0.00569172
0.584304 0.582541 0.00923976
0.582409 0.587957 0.000714793
0.583349 0.587755 -0.00875358
0.591352 0.591462 0.0136341
0.5964 0.592051 0.0193381
0.582289 0.586801 -0.00392375
0.597543 0.593098 -0.000300822
0.598198 0.594924 0.0011873
0.594652 0.597483 -0.0164606
0.605538 0.60653 0.0126722
0.597144 0.595596 0.0172783
0.604667 0.60802 0.0165173
0.604811 0.603971 0.00308786
0.602257 0.600136 0.00463166
0.605836 0.603944 -0.00255199
0.609123 0.607686 0.0108834
0.61268 0.61138 0.0203106
0.601304 0.600219 -0.00655135
0.609617 0.611869 -0.010627
0.607832 0.605382 -0.00497786
0.613991 0.608934 -0.00601343
0.610478 0.618141 0.00718912
0.613389 0.611013 -0.0104163
0.61778 0.61346 -0.00706727
0.616733 0.622494 -0.0145032
0.628276 0.626285 0.0220631
0.618768 0.621386 -0.0132028
0.625902 0.623612 0.00905224
0.624358 0.630366 0.00713915
0.628731 0.623776 0.00155105
0.63116 0.635667 -0.0102909
0.630209 0.630627 -0.011963
0.630972 0.638214 -0.0104511
0.635537 0.634542 -0.00510463
0.63197 0.638089 -0.00837361
0.64071 0.636 0.00674577
0.636538 0.637226 -0.00100798
0.640498 0.63721 0.000528096
0.642428 0.646144 -0.00620858
0.646391 0.643385 0.00518613
0.639662 0.646297 0.00708861
0.65238 0.649115 0.0217712
0.654344 0.6604 0.008271
0.646342 0.647897 -0.00314878
0.661928 0.656504 0.0275081
0.650219 0.646989 -0.000114144
0.653382 0.656374 0.00553825
0.658356 0.65251 -0.000555329
0.65915 0.656231 -0.00310308
0.656577 0.657141 0.00594639
0.659572 0.659486 0.00284244
0.664527 0.668274 0.00675023
0.665422 0.663989 -0.00419887
0.66341 0.661308 -0.000203916
0.659237 0.666922 -0.00886847
0.668099 0.67036 0.0131908
0.668229 0.671297 0.00361397
0.662774 0.664069 -0.00930351
0.672212 0.675475 -0.00776405
0.672368 0.678099 -0.00826418
0.675838 0.680981 0.0122513
0.671604 0.681241 -0.0134403
0.680859 0.682468 6.7066e-05
0.685115 0.677449 -0.00513535
0.680969 0.682605 -0.000488751
0.690096 0.687845 0.00318165
0.686218 0.685848 0.0120564
0.689615 0.686775 0.00789127
0.687675 0.683735 -0.00242244
0.688568 0.687694 -0.0054337
0.692907 0.694387 -0.00824807
0.685176 0.690849 -0.0222393
0.688787 0.695418 0.00201208
0.703063 0.69753 0.0184369
0.694188 0.693744 -0.0029771
0.693536 0.695613 0.000657306
0.702844 0.704112 -0.000297468
0.700562 0.70189 -0.0035506
0.707439 0.708001 0.0148608
0.698792 0.70061 -0.0191182
0.703056 0.705596 -0.000165107
0.697149 0.701656 0.000624154
0.696215 0.699471 -0.0227474
0.707712 0.711982 -0.00269523
0.706739 0.706749 -0.00724811
0.711966 0.714982 0.00542423
0.707865 0.705675 0.000289453
0.714638 0.712881 0.00923582
0.722502 0.717594 -0.00443456
0.719741 0.723373 -0.000324436
0.726362 0.728808 0.0116157
0.729451 0.722566 0.00345409
0.723036 0.716033 -0.00969874
0.727698 0.729118 0.00617246
0.727915 0.727959 0.0138137
0.73163 0.726852 0.00644906
0.725554 0.729198 -0.00996797
0.736424 0.742807 0.027449
0.730417 0.731351 0.00506488
0.733685 0.730252 -0.00773313
0.736347 0.734052 -0.0102497
0.73716 0.737351 -0.00357116
0.744382 0.742609 0.00512349
0.73949 0.742424 -0.0136844
0.748458 0.737724 0.0222202
0.745174 0.744713 0.00976126
0.740036 0.747985 -0.0139809
0.740122 0.743413 -0.00149719
0.750625 0.752983 0.0173131
0.748538 0.751718 -0.00534497
0.749616 0.745717 -0.00274332
0.748667 0.751535 -0.00155545
0.748069 0.752639 -0.016798
0.760893 0.763419 0.00209737
0.760064 0.761215 0.010542
0.766376 0.766495 0.017997
0.771516 0.759919 0.0116341
0.767599 0.761449 0.000109088
0.768039 0.764223 0.00776195
0.765529 0.76858 -0.00398759
0.76878 0.771438 0.0110721
0.767552 0.764958 -0.00449654
0.772323 0.772581 0.00589725
0.778202 0.774524 0.0110657
0.774483 0.774908 -0.00245677
0.781357 0.776433 -0.00236072
0.77412 0.777239 -0.00711894
0.776841 0.780309 -0.0114515
0.78515 0.783648 0.000527732
0.78409 0.783499 0.00392427
0.783293 0.77842 0.00325083
0.786445 0.781965 0.0102115
0.782498 0.784763 -0.0208818
0.792352 0.786528 0.00251974
0.791049 0.794796 0.00145176
0.791107 0.786565 0.00524832
0.796182 0.789877 -0.00418995
0.802102 0.797231 0.0213303
0.785473 0.789597 -0.00393154
0.800107 0.795137 0.0131771
0.794961 0.800504 -0.0122357
0.793392 0.798869 -0.0149331
0.806659 0.803965 0.024568
0.80525 0.805158 -0.0148815
0.804981 0.804814 -0.0050165
0.806528 0.803683 0.000894702
0.813839 0.810838 0.00189365
0.815289 0.813019 0.00335277
0.808514 0.817534 0.00155941
0.820325 0.81325 0.0181407
0.817193 0.814252 0.00544559
0.809279 0.811416 -0.0135242
0.822578 0.822344 0.000672464
0.830148 0.833009 0.0184887
0.818723 0.825747 0.0228617
0.828302 0.827823 0.0151226
0.828452 0.829798 -0.0017299
0.826748 0.826557 -0.000102522
0.828958 0.832877 -0.00855719
0.83201 0.829208 -0.00176378
0.829214 0.827899 0.00512763
0.829629 0.829509 0.00597114
0.835493 0.833698 -9.96181e-05
0.838863 0.839313 0.00446517
0.838045 0.840871 0.00164669
0.835349 0.837331 0.0082048
0.843093 0.840877 -0.0129863
0.846328 0.849862 0.015843
0.841335 0.846837 -0.0091526
0.848032 0.847213 0.0045583
0.840223 0.850193 -0.0165414
0.861469 0.851915 0.0220684
0.856806 0.853637 0.00484114
0.848182 0.845758 0.0016451
0.850448 0.855149 -0.00305462
0.85866 0.862823 -0.00220428
0.861799 0.866646 -0.0050115
0.863058 0.856849 0.00461146
0.8626 0.861522 0.000402943
0.864011 0.863021 0.00130085
0.860706 0.866353 -0.000239445
0.859387 0.868317 0.00371258
0.869902 0.869582 0.0106762
0.873677 0.869464 0.0108403
0.869241 0.867668 -0.00433173
0.87952 0.871202 0.0170473
0.878701 0.87081 0.0105738
0.884403 0.881469 -0.00695075
0.874256 0.872039 -0.0163474
0.87424 0.87716 0.00850248
0.873635 0.877863 -0.00511065
0.880464 0.884879 -0.00826094
0.881913 0.889581 -0.00644604
0.892405 0.894226 -0.00564308
0.888186 0.892367 -0.00624537
0.892081 0.887869 0.00401771
0.893409 0.891349 0.0215285
0.89534 0.892194 0.0011493
0.899985 0.898876 0.00731907
0.892548 0.893886 -0.00560201
0.90222 0.90534 0.00431452
0.908575 0.906511 0.0055621
0.909689 0.910138 0.00921825
0.89841 0.901237 -0.002394
0.900501 0.905805 -0.016829
0.907941 0.915507 0.00705398
0.911279 0.908644 -0.00534066
0.913274 0.912384 0.00380726
0.907648 0.908579 -0.00210285
0.920583 0.916101 0.00433564
0.915146 0.917379 -0.00577115
0.925469 0.926435 0.00646519
0.924991 0.923561 0.0112649
0.920337 0.923253 -0.00647598
0.916021 0.918425 -0.00279378
0.931542 0.931963 0.00365302
0.917549 0.922012 -0.0103725
0.926815 0.929756 -0.0140866
0.933895 0.928152 0.0125663
0.934159 0.925579 0.00493424
0.929176 0.927341 -0.0180081
0.936104 0.93355 -0.00205434
0.93906 0.939955 0.00886745
0.933818 0.930754 -0.00607154
0.937969 0.93952 -0.00941191
0.938575 0.941811 0.0160164
0.94065 0.940634 -0.00130115
0.945474 0.94331 -0.00335448
0.943621 0.945319 0.00867719
0.949001 0.950158 0.0126583
0.951828 0.95164 0.0125549
0.954637 0.956414 -0.0106686
0.946325 0.945305 -0.00637634
0.958908 0.954269 0.00863946
0.95265 0.95312 -0.00777667
0.957445 0.956166 -0.00919401
0.965465 0.960259 0.0201163
0.954876 0.953674 -0.00442924
0.96942 0.96675 0.0111486
0.958805 0.961985 -0.00818706
0.96873 0.966385 -0.00428857
0.971119 0.973481 0.00865389
0.961323 0.968622 -0.0178941
0.969472 0.972674 0.0185776
0.975393 0.96705 0.018894
0.984485 0.979139 0.0192901
0.977883 0.980218 0.0109078
0.979048 0.974881 -0.0115704
0.982407 0.979246 -0.00944467
0.986507 0.985949 0.0104874
0.982927 0.982282 -0.00142641
0.989048 0.991355 -0.00237353
0.991956 0.994304 0.000469967
0.989311 0.989091 0.0118255
0.994312 0.988017 0.0160897
0.99861 0.998563 -0.000126621
0.995108 0.990742 0.0115595
0.993369 0.998228 0.00962249
0.999661 0.998289 0.0159863
1.00215 1.00202 -5.34756e-05
1.00603 1.00103 0.0224124
1.00072 0.999809 0.000499988
1.00718 1.00277 -0.00118113
1.007 1.00454 -0.00226689
1.00935 1.00521 0.0188306
1.01064 1.01247 0.0078973
1.00872 1.00834 -0.00409687
1.01243 1.0155 -0.00358276
1.00867 1.00864 -0.00941166
1.01238 1.01274 -0.00235597
1.01233 1.01635 -0.0198766
1.02191 1.02425 -0.00391553
1.01833 1.01737 0.00601697
1.02422 1.02089 0.0103197
1.02147 1.02183 -0.00341622
1.02866 1.02797 -0.0103435
1.03455 1.03182 0.00323602
1.03521 1.03892 0.0238045
1.02687 1.03204 -0.00255581
1.02994 1.03357 -0.0135302
1.03351 1.0354 -0.0176512
1.04395 1.04027 0.0181281
1.03891 1.0393 -0.00262005
1.03723 1.04505 -0.00886053
1.05143 1.05431 0.0115129
1.03458 1.04162 -0.0113839
1.04527 1.04285 0.00775441
1.04679 1.03725 0.00791125
1.05051 1.05147 0.0140411
1.0522 1.04731 0.00424693
1.05419 1.05312 -1.11947e-05
1.05313 1.05423 -0.0122178
1.06004 1.05965 0.00224342
1.05954 1.05691 -0.00293279
1.06455 1.0589 0.0167187
1.05856 1.06151 -0.00801767
1.06259 1.07593 -0.00922453
1.06335 1.05785 -0.00805165
1.06931 1.07578 -0.00569583
1.07497 1.06781 0.0240531
1.07491 1.06614 0.0203538
1.06719 1.06394 -0.00298435
1.07868 1.07688 0.00569574
1.07401 1.07736 -0.00198189
1.08022 1.07698 0.00149111
1.08132 1.07807 0.00383245
1.07982 1.08792 0.00439377
1.07982 1.09105 -0.00295283
1.0803 1.08735 -0.0141458
1.08652 1.08185 0.0163959
1.07709 1.0779 -0.0197708
1.08895 1.08739 0.00685492
1.09016 1.08984 -0.00596275
1.09337 1.09181 -0.00871046
1.08959 1.0928 -0.016493
1.09497 1.09291 -0.00502051
1.10166 1.10695 -0.00375323
1.1017 1.10067 -0.00152886
1.10296 1.10143 0.0182011
1.10617 1.10479 -0.00254647
1.10445 1.10262 0.00580204
1.10294 1.10653 -0.0063192
1.10889 1.10957 0.0152463
1.11686 1.11511 0.0125862
1.11326 1.11136 -0.00161005
1.11108 1.11586 0.00172467
1.11355 1.11347 -0.00938638
1.12042 1.12176 0.00960152
1.11945 1.12094 -0.0270836
1.1182 1.11853 -0.00240179
1.12986 1.12578 0.0141063
1.12799 1.13019 -0.00736588
1.12906 1.12587 -0.0159999
1.11998 1.12621 -0.0235862
1.12673 1.13096 -0.000594851
1.12498 1.13098 -0.015362
1.13397 1.13138 -0.00262816
1.13704 1.13895 0.00681328
1.13917 1.14586 -0.00184174
1.1384 1.13681 -0.0101144
1.14065 1.14143 -0.0096456
1.13931 1.1444 -0.0124903
1.14428 1.14654 -0.0116738
1.14644 1.14767 0.0145562
1.14621 1.15042 -0.0122715
1.15478 1.15773 0.00235119
1.14435 1.1487 -1.5942e-05
1.16305 1.15958 0.0311473
1.14903 1.15244 -0.0267813
1.16215 1.16801 0.00532836
1.16329 1.16046 0.0212686
1.16157 1.16241 0.0166922
1.16044 1.15882 -0.00980183
1.16959 1.16398 -0.00115928
1.16816 1.16981 -0.0149895
1.16904 1.16993 -0.0138148
1.18076 1.17745 0.0169335
1.17093 1.17934 -0.015052
1.18463 1.18034 0.0141052
1.17682 1.17743 -0.00257366
1.18573 1.18482 0.0237269
1.17703 1.17093 -0.000778168
1.18884 1.18195 0.0125956
1.1863 1.18747 -0.013512
1.1864 1.18596 -0.000811479
1.18924 1.18563 -0.00740376
1.18996 1.19873 0.000224578
1.19552 1.1933 -0.00536484
1.2013 1.19536 0.0156487
1.1956 1.19615 -0.000606131
1.18734 1.19898 -0.0124216
1.19695 1.20385 -0.00756771
1.20392 1.20969 -0.00504198
1.2026 1.20888 0.0089369
1.21049 1.21103 0.00676534
1.21164 1.2104 0.0161869
1.21153 1.20993 0.00215048
1.20786 1.21534 -0.0267812
1.21315 1.20813 0.0108828
1.21023 1.21216 -0.0135824
1.22323 1.22083 0.0135031
1.22555 1.22575 0.00871136
1.22532 1.22065 0.0199699
1.22602 1.22349 0.00477688
1.22026 1.21749 -0.00646682
1.22451 1.22532 -0.00724238
1.22765 1.22179 -0.00589768
1.23049 1.22899 -0.00352139
1.22818 1.23476 -0.00547646
1.23521 1.23339 0.0179412
1.23674 1.23816 0.0161613
1.23734 1.23486 0.0122531
1.23376 1.23622 -0.00453077
1.23847 1.23855 -0.00641769
1.23905 1.24139 0.00197969
1.24449 1.24935 -0.0113641
1.24109 1.23872 -0.0156378
1.25417 1.25146 0.0101173
1.25076 1.24975 -0.00130612
1.24634 1.25121 -0.00425292
1.24995 1.24986 0.00917911
1.25757 1.2597 0.00944633
1.25854 1.24965 0.00829463
1.25783 1.25934 0.00533377
1.26047 1.26734 0.0118545
1.26572 1.2651 0.00578019
1.26819 1.26609 0.00282247
1.27245 1.26802 0.0217683
1.26889 1.26931 -0.00621975
1.2823 1.27431 0.0163805
1.27272 1.27529 -0.00557087
1.27533 1.27443 -0.00483562
1.27059 1.27692 -0.0163098
1.27675 1.27221 -0.00486921
1.27875 1.27382 -0.00904584
1.28519 1.27703 -0.00197693
1.28332 1.28403 0.0119031
1.2879 1.28878 -0.00278477
1.29571 1.2925 0.0177181
1.28258 1.28445 -0.00545773
1.29349 1.29362 0.00821508
1.29561 1.29798 -0.00516859
1.30184 1.29435 0.00956954
1.29894 1.29559 0.00837115
1.298 1.2999 -0.00386564
1.31086 1.30606 0.0244653
1.30541 1.30642 0.0102347
1.30431 1.30324 0.0151173
1.3074 1.31059 0.00867741
1.30956 1.31367 0.00557213
1.30692 1.31277 -0.00579413
1.31809 1.31312 0.0243028
1.31004 1.30783 -0.00410277
1.32084 1.32024 0.0235838
1.31587 1.31735 -0.01125
1.3155 1.31939 0.00255994
1.3292 1.3171 0.00438247
1.32081 1.32721 -0.0189669
1.32291 1.32623 0.00502685
1.33413 1.3275 0.0170025
1.33196 1.33195 -0.0001384
1.32705 1.33004 -0.0163732
1.33442 1.3351 0.0106331
1.33255 1.33501 -0.00525245
1.34178 1.34089 0.00105008
1.34285 1.34237 -0.00908322
1.34768 1.34318 0.0233306
1.34786 1.3435 0.000320035
1.34722 1.34854 -0.00749027
1.34736 1.34685 0.00328706
1.35538 1.35228 0.0250052
1.36132 1.34995 0.015431
1.35467 1.35295 0.00734028
1.35461 1.35186 0.00500452
1.35274 1.35346 -0.00141439
1.35568 1.35693 0.00111701
1.36026 1.36046 -0.00381125
1.3608 1.36014 0.00264623
1.36705 1.37242 -0.015365
1.36987 1.36682 0.0165179
1.36374 1.36861 -0.00272141
1.3761 1.36976 0.0237738
1.36846 1.37028 -0.0147771
1.37962 1.3729 0.019764
1.38194 1.37701 0.0112025
1.37761 1.37681 0.0234042
1.38477 1.38472 -0.00345634
1.38735 1.38198 0.0127449
1.38813 1.37637 -0.00974374
1.38263 1.38125 -0.000432635
1.38949 1.39162 0.0118016
1.39131 1.38927 0.016378
1.38556 1.38472 -0.00571556
1.40332 1.39934 0.0185296
1.39976 1.39713 0.00590843
1.39832 1.40449 0.00955769
1.39497 1.39477 -0.00397165
1.39555 1.39849 -0.0011749
1.40197 1.39701 -0.00782646
1.40399 1.40219 0.0104478
1.40799 1.40516 0.0224363
1.39983 1.40044 -0.0118664
1.40494 1.41364 -0.00557469
1.41254 1.41358 0.00553156
1.40623 1.4102 0.00785199
1.42334 1.42027 0.018269
1.42651 1.41936 0.0185063
1.41939 1.42144 0.000251218
1.41402 1.42162 -0.021987
1.41959 1.42569 -0.0112333
1.43207 1.42337 0.0121699
1.43994 1.43275 0.00814575
1.43164 1.43327 0.00997491
1.43679 1.43672 0.014837
1.43192 1.43387 -0.00852292
1.43178 1.43706 0.000754195
1.42814 1.43248 -0.0251626
1.43935 1.44187 -0.00072192
1.4401 1.43893 0.00903662
1.45189 1.4476 0.0141211
1.44242 1.44642 0.000431881
1.45091 1.44425 0.0234846
1.4456 1.44674 0.00566508
1.45867 1.45561 0.00847945
1.4566 1.45209 0.0158377
1.45934 1.45659 0.00249306
1.45818 1.45641 -0.0168148
1.466 1.46653 0.00679483
1.45897 1.45615 -0.0110797
1.46837 1.46567 0.0194587
1.47122 1.4688 0.00689174
1.47077 1.46513 0.0137072
1.47108 1.47011 0.0088157
1.4728 1.4766 0.0180344
1.47614 1.47564 0.0057093
1.47217 1.47535 -0.00142549
1.47843 1.48015 0.0131043
1.48424 1.47831 0.0226001
1.48567 1.48349 0.0136856
1.48204 1.48275 -0.00262595
1.49015 1.48946 0.0139631
1.48515 1.48393 -0.0059911
1.49022 1.49316 0.00198323
1.48698 1.48771 -0.0253408
1.49101 1.49242 0.000364365
1.49698 1.49844 0.00448038
1.49512 1.50116 -0.00370323
1.5067 1.50054 0.00465888
1.50281 1.5075 0.00268409
1.50119 1.49932 0.000789349
1.50296 1.51087 -0.0139905
1.51338 1.50964 0.0227048
1.51756 1.51023 0.0165616
1.51199 1.50813 0.00466334
1.5168 1.51771 -0.00975443
1.50708 1.51539 -0.0136619
1.51625 1.51417 0.00664603
1.52535 1.52075 0.00827607
1.5302 1.52201 0.0117334
1.52324 1.52518 -0.0141757
1.52256 1.52265 0.00773272
1.53197 1.53053 0.00979455
1.51916 1.52707 -0.0349557
1.53152 1.52618 -0.00171833
1.5388 1.53533 0.0120994
1.52506 1.52606 -0.0188365
1.54037 1.53986 0.0022203
1.53942 1.53877 -0.00400574
1.5441 1.54062 0.031653
1.54357 1.54625 0.00405812
1.54093 1.54704 -0.0181433
1.54763 1.54908 -0.0153314
1.56037 1.55404 0.01929
1.54721 1.55149 0.00565487
1.55835 1.55092 0.00812191
1.5538 1.55644 -0.0106619
1.56405 1.56748 0.0290936
1.56197 1.56326 0.00534343
1.56424 1.56422 -0.000256154
1.56987 1.5659 0.0156867
1.55805 1.56544 -0.00704391
1.55958 1.56697 -0.0090565
1.56691 1.56935 0.00689702
1.5698 1.57713 0.00739352
1.58183 1.57459 0.0184696
1.56785 1.57849 -0.0309363
1.57823 1.58205 0.0118778
1.56924 1.57158 -0.0130729
1.57799 1.58354 0.00221711
1.58418 1.58712 0.0069518
1.58526 1.58611 -0.00652967
1.59486 1.59327 0.0118944
1.59772 1.58999 0.0168849
1.59398 1.59473 -0.013591
1.58923 1.59234 -0.011032
1.59762 1.60228 -0.00457881
1.60223 1.59956 0.0204605
1.6099 1.60019 0.0234995
1.59819 1.59561 -0.00636226
1.60382 1.60084 -0.0108012
1.60833 1.60196 0.0221377
1.60599 1.60978 -0.0206641
1.61237 1.6136 0.00726495
1.61776 1.61038 0.0147119
1.61335 1.60678 0.0181101
1.61647 1.61652 -0.00410329
1.62201 1.62118 0.000421544
1.61724 1.61667 0.00153522
1.62799 1.62543 0.00449142
1.62436 1.62521 -0.0108196
1.62338 1.6296 -0.00497112
1.63041 1.6277 0.0239691
1.63394 1.63221 -0.00768208
1.62648 1.63005 0.000260297
1.63671 1.6358 -0.00402307
1.63852 1.64236 0.0106157
1.64466 1.64087 0.0234416
1.64194 1.63986 -0.0105073
1.64516 1.64062 -0.00683516
1.64802 1.64497 0.00481048
1.64485 1.6468 -0.00797401
1.64526 1.65058 -0.0103859
1.65041 1.65269 -0.00648073
1.64636 1.6529 -0.00562979
1.65494 1.65796 0.0121459
1.66768 1.6598 0.0112674
1.66697 1.66301 0.0101962
1.65652 1.65427 -0.0129344
1.67313 1.6684 0.0211692
1.66759 1.66264 -0.000283938
1.66784 1.672 0.00393685
1.66821 1.67438 -0.0129309
1.67438 1.67409 0.0128644
1.67317 1.68239 0.00502737
1.67628 1.6743 0.013459
1.67112 1.67375 -0.0262611
1.67588 1.67605 -0.00500997
1.69118 1.68873 0.0095689
1.68133 1.68064 0.00232658
1.69465 1.68671 0.0113875
1.68207 1.6818 -0.0163441
1.68962 1.68899 -0.00216475
1.68545 1.68373 -0.000760933
1.70074 1.6931 0.0216225
1.70025 1.697 0.00477086
1.69386 1.70075 -0.00127893
1.70263 1.69936 0.0130605
1.70641 1.70343 0.00509515
1.70496 1.7098 0.00125718
1.70051 1.70736 -0.0216309
1.71628 1.71164 0.0261021
1.71423 1.71644 0.0211262
1.71739 1.71605 -0.00111812
1.70828 1.71579 -0.0182677
1.71534 1.71603 0.0149758
1.72608 1.72751 0.0226214
1.73441 1.72905 0.0330099
1.7244 1.72772 0.0079871
1.72605 1.72819 0.00663171
1.73345 1.7318 0.0068866
1.73951 1.73576 -0.00773439
1.73396 1.73609 -0.000188324
1.73693 1.73788 0.00793671
1.73602 1.73821 -0.00471446
1.74202 1.74425 0.00107612
1.74187 1.74158 -0.0193099
1.74573 1.7435 0.00934946
1.74998 1.74504 0.00898085
1.7465 1.7505 0.00470571
1.75078 1.75559 0.0129094
1.7541 1.75997 0.0174819
1.75471 1.75931 0.0172508
1.75281 1.75842 -0.00107131
1.75796 1.75763 -0.0186
1.76422 1.76364 0.00340944
1.76007 1.76555 0.0148519
1.75575 1.75781 -0.000554716
1.76988 1.7667 0.00537831
1.77133 1.77565 0.0115518
1.77863 1.77175 0.0237996
1.76604 1.77 -0.0250906
1.77329 1.77334 -0.00506202
1.78091 1.78649 -0.00726531
1.79153 1.78419 0.0153961
1.78795 1.78657 0.00457318
1.78434 1.78589 -0.00121548
1.79285 1.78771 -0.00639671
1.79047 1.78619 0.0100775
1.78863 1.78671 -0.00781816
1.79209 1.79549 0.00970205
1.78951 1.79511 0.00820709
1.78703 1.79287 -0.014169
1.80344 1.80589 0.00271374
1.80027 1.80322 -0.00271406
1.80967 1.80882 0.00191465
1.80627 1.80774 0.00656022
1.80599 1.8149 0.00102398
1.81363 1.8156 -0.0100928
1.81221 1.82063 0.011853
1.8247 1.81583 0.0174694
1.81482 1.81875 -0.00418266
1.80864 1.82627 -0.0216504
1.822 1.81839 0.00117576
1.81985 1.82272 -0.00393464
1.83867 1.82585 0.00915373
1.83135 1.82942 0.00250716
1.83143 1.83744 0.00491826
1.82976 1.83119 0.000421361
1.82541 1.83465 -0.0153075
1.84067 1.83779 0.004508
1.84151 1.84107 0.00387073
1.82866 1.83382 -0.0249853
1.85312 1.84567 0.0214849
1.84602 1.84175 0.00101494
1.84733 1.84664 0.0072148
1.85132 1.84843 0.00767466
1.84402 1.84843 -0.0166395
1.85197 1.8519 0.0068292
1.85636 1.85615 -0.0102697
1.85722 1.86302 0.0188408
1.86149 1.85694 0.000230933
1.8569 1.86302 0.00118885
1.86888 1.8736 -0.006882
1.86807 1.8664 0.0119876
1.87726 1.86667 0.0282294
1.8723 1.87884 -0.000439754
1.87705 1.87539 0.00363068
1.87343 1.87255 0.0106696
1.87804 1.87467 -0.00034449
1.88088 1.87753 0.0146179
1.88274 1.88038 0.0137834
1.88881 1.89016 -0.00556556
1.88276 1.88494 -0.0106039
1.89615 1.89536 0.0041105
1.89413 1.89709 -0.00743831
1.89548 1.89487 0.00679572
1.89448 1.89393 0.00840616
1.90125 1.89723 0.0171964
1.90702 1.90005 0.0028309
1.89809 1.89984 -0.00511022
1.8941 1.89635 -0.0280785
1.9018 1.90513 -0.00834415
1.91111 1.91889 -0.0047037
1.91399 1.90815 0.0130718
1.90698 1.91003 -0.00386528
1.9119 1.90858 0.0129788
1.90688 1.91036 -0.0186688
1.92278 1.92027 0.0119952
1.91671 1.91895 -0.00114564
1.91998 1.9219 -0.00705019
1.92272 1.92461 0.0047825
1.92733 1.92107 0.00502614
1.93149 1.93287 0.00400716
1.93448 1.93262 0.00672678
1.93968 1.93352 0.0105356
1.93803 1.9308 -0.00355546
1.94198 1.94059 -0.00691563
1.947 1.9461 0.0134809
1.93858 1.94476 -0.00749904
1.9413 1.94581 -0.0098887
1.95012 1.93974 0.00596723
1.94746 1.9467 0.0148572
1.95962 1.95538 0.0242531
1.95992 1.9579 0.00998517
1.95877 1.95262 0.0152136
1.95338 1.95193 -0.00950313
1.96337 1.96082 0.00861593
1.9561 1.9601 0.00766617
1.9713 1.96723 0.000726366
1.96517 1.96384 -0.0191845
1.97864 1.96906 0.0191508
1.97452 1.9686 0.0100874
1.97101 1.97309 -0.0117987
1.97334 1.97686 -0.00754617
1.9845 1.98718 0.0170376
1.98452 1.97377 0.00257472
1.98928 1.98316 0.0207528
1.98812 1.9917 0.00866067
1.99113 1.98753 -0.00355505
1.99879 1.99038 0.017699
1.98848 1.99038 -0.00790191
1.98922 1.99527 -0.00796296
1.99689 2.00004 0.0019129
1.99566 1.99654 -0.011317
2.009 2.00659 0.0140817
2.00061 1.99795 -0.00215359
2.00497 2.00205 0.0153781
2.00862 2.00495 -0.00240372
2.00784 2.00268 0.00384007
2.01658 2.01662 -0.00213043
2.01799 2.01919 0.0145525
2.01871 2.0168 0.00314535
2.01976 2.01956 -0.0133452
2.01921 2.02289 0.00511103
2.02854 2.02647 0.00643798
2.02593 2.02732 0.0110034
2.03943 2.03381 0.0219254
2.03417 2.02757 0.00256601
2.02959 2.03618 -0.000748319
2.03461 2.03877 0.0104452
2.03927 2.03808 0.00281272
2.03635 2.03858 0.00491388
2.03532 2.03952 -0.0156296
2.03945 2.03754 -0.0110372
2.04991 2.05032 0.0078
2.05357 2.05038 0.00976591
2.05365 2.0541 0.0102833
2.05517 2.05229 -0.00887231
2.06017 2.05599 -0.00102629
2.05904 2.05657 0.0142204
2.05189 2.0532 -0.0123057
2.06351 2.06125 0.00755175
2.06733 2.06898 0.0035239
2.0607 2.0602 -0.0129588
2.0682 2.07039 0.00524673
2.07066 2.0726 0.0038014
2.08581 2.08134 0.0275026
2.06928 2.07361 0.00119646
2.07283 2.07765 -0.0196693
2.08118 2.08028 -0.00499588
2.08952 2.08453 0.015028
2.08325 2.08848 -0.000114204
2.08428 2.08098 -0.00307364
2.0937 2.0923 0.020254
2.09442 2.09434 0.0089104
2.1081 2.09668 0.0202753
2.10437 2.10059 0.0149786
2.10065 2.09469 0.0107716
2.10788 2.10348 0.0369567
2.0962 2.09875 -0.00871325
2.10848 2.10882 0.00505563
2.11357 2.11107 0.0126369
2.11149 2.11569 0.00184417
2.10401 2.1064 -0.0272738
2.1163 2.11165 0.0146145
2.12144 2.11516 0.0154573
2.11676 2.11705 0.0104485
2.11646 2.11742 0.00391738
2.12831 2.12252 0.00900628
2.12852 2.12632 0.00999722
2.12674 2.12792 -0.00539855
2.12792 2.1278 0.000802258
2.13393 2.13198 0.00433245
2.13554 2.1337 0.00449578
2.13774 2.14423 -0.0112689
2.14172 2.14062 0.0127805
2.14309 2.14224 0.0174641
2.14763 2.14315 0.012569
2.14507 2.14376 0.0040886
2.14185 2.14815 -0.00479447
2.15146 2.14684 -0.00177438
2.15574 2.15575 -0.00944574
2.14481 2.15345 -0.0173227
2.1597 2.16387 0.000378957
2.16182 2.15665 -0.00603434
2.16612 2.16815 0.00208332
2.17073 2.1692 0.00663622
2.15635 2.1654 -0.0258202
2.15911 2.16554 -0.0191416
2.16402 2.16896 -0.0117376
2.16999 2.18103 -0.00487491
2.1792 2.17983 0.00499334
2.18101 2.18154 -0.00621392
2.17182 2.17641 -0.0155574
2.18452 2.1771 -0.00153073
2.18284 2.18694 -0.00269305
2.19204 2.19109 0.00909681
2.18898 2.1903 -0.0020842
2.19153 2.18661 0.00601471
2.19166 2.19756 -0.00785834
2.19928 2.19737 0.00558723
2.1982 2.20095 0.00294835
2.21457 2.20806 0.0171909
2.2071 2.20427 0.00739735
2.21222 2.21271 0.00148244
2.21233 2.2111 0.00365337
2.21284 2.21446 0.0018143
2.21363 2.21354 -0.00619801
2.21645 2.21043 -0.0143252
2.21951 2.21518 0.0147413
2.22628 2.22112 -0.00243509
2.22491 2.22526 0.00746723
2.22563 2.2188 0.0102215
2.22602 2.2363 -0.0113509
2.23268 2.22622 0.00324545
2.23336 2.2292 -0.0014983
2.24448 2.23587 0.00892747
