0.0001 0.0001 1e-07
0.0003 0.0003 3e-07
0.0006 0.0006 6e-07
0.001 0.001 1e-06
0.0015 0.0015 1.5e-06
0.0021 0.0021 2.1e-06
0.0028 0.0028 2.8e-06
0.0036 0.0036 3.6e-06
0.0045 0.0045 4.5e-06
0.0055 0.0055 5.5e-06
0.0066 0.0066 6.6e-06
0.0078 0.0078 7.8e-06
0.0091 0.0091 9.1e-06
0.0105 0.0105 1.05e-05
0.012 0.012 1.2e-05
0.0136 0.0136 1.36e-05
0.0153 0.0153 1.53e-05
0.0171 0.0171 1.71e-05
0.019 0.019 1.9e-05
0.021 0.021 2.1e-05
0.0231 0.0231 2.31e-05
0.0253 0.0253 2.53e-05
0.0276 0.0276 2.76e-05
0.03 0.03 3e-05
0.0325 0.0325 3.25e-05
0.0351 0.0351 3.51e-05
0.0378 0.0378 3.78e-05
0.0406 0.0406 4.06e-05
0.0435 0.0435 4.35e-05
0.0465 0.0465 4.65e-05
0.0496 0.0496 4.96e-05
0.0528 0.0528 5.28e-05
0.0561 0.0561 5.61e-05
0.0595 0.0595 5.95e-05
0.063 0.063 6.3e-05
0.0666 0.0666 6.66e-05
0.0703 0.0703 7.03e-05
0.0741 0.0741 7.41e-05
0.078 0.078 7.8e-05
0.082 0.082 8.2e-05
0.0861 0.0861 8.61e-05
0.0903 0.0903 9.03e-05
0.0946 0.0946 9.46e-05
0.099 0.099 9.9e-05
0.1035 0.1035 0.0001035
0.1081 0.1081 0.0001081
0.1128 0.1128 0.0001128
0.1176 0.1176 0.0001176
0.1225 0.1225 0.0001225
0.1275 0.1275 0.0001275
0.1326 0.1326 0.0001326
0.1378 0.1378 0.0001378
0.1431 0.1431 0.0001431
0.1485 0.1485 0.0001485
0.154 0.154 0.000154
0.1596 0.1596 0.0001596
0.1653 0.1653 0.0001653
0.1711 0.1711 0.0001711
0.177 0.177 0.000177
0.183 0.183 0.000183
0.1891 0.1891 0.0001891
0.1953 0.1953 0.0001953
0.2016 0.2016 0.0002016
0.208 0.208 0.000208
0.2145 0.2145 0.0002145
0.2211 0.2211 0.0002211
0.2278 0.2278 0.0002278
0.2346 0.2346 0.0002346
0.2415 0.2415 0.0002415
0.2485 0.2485 0.0002485
0.2556 0.2556 0.0002556
0.2628 0.2628 0.0002628
0.2701 0.2701 0.0002701
0.2775 0.2775 0.0002775
0.285 0.285 0.000285
0.2926 0.2926 0.0002926
0.3003 0.3003 0.0003003
0.3081 0.3081 0.0003081
0.316 0.316 0.000316
0.324 0.324 0.000324
0.3321 0.3321 0.0003321
0.3403 0.3403 0.0003403
0.3486 0.3486 0.0003486
0.357 0.357 0.000357
0.3655 0.3655 0.0003655
0.3741 0.3741 0.0003741
0.3828 0.3828 0.0003828
0.3916 0.3916 0.0003916
0.4005 0.4005 0.0004005
0.4095 0.4095 0.0004095
0.4186 0.4186 0.0004186
0.4278 0.4278 0.0004278
0.4371 0.4371 0.0004371
0.4465 0.4465 0.0004465
0.456 0.456 0.000456
0.4656 0.4656 0.0004656
0.4753 0.4753 0.0004753
0.4851 0.4851 0.0004851
0.495 0.495 0.000495
0.505 0.505 0.000505
0.5151 0.5151 0.0005151
0.5253 0.5253 0.0005253
0.5356 0.5356 0.0005356
0.546 0.546 0.000546
0.5565 0.5565 0.0005565
0.5671 0.5671 0.0005671
0.5778 0.5778 0.0005778
0.5886 0.5886 0.0005886
0.5995 0.5995 0.0005995
0.6105 0.6105 0.0006105
0.6216 0.6216 0.0006216
0.6328 0.6328 0.0006328
0.6441 0.6441 0.0006441
0.6555 0.6555 0.0006555
0.667 0.667 0.000667
0.6786 0.6786 0.0006786
0.6903 0.6903 0.0006903
0.7021 0.7021 0.0007021
0.714 0.714 0.000714
0.726 0.726 0.000726
0.7381 0.7381 0.0007381
0.7503 0.7503 0.0007503
0.7626 0.7626 0.0007626
0.775 0.775 0.000775
0.7875 0.7875 0.0007875
0.8001 0.8001 0.0008001
0.8128 0.8128 0.0008128
0.8256 0.8256 0.0008256
0.8385 0.8385 0.0008385
0.8515 0.8515 0.0008515
0.8646 0.8646 0.0008646
0.8778 0.8778 0.0008778
0.8911 0.8911 0.0008911
0.9045 0.9045 0.0009045
0.918 0.918 0.000918
0.9316 0.9316 0.0009316
0.9453 0.9453 0.0009453
0.9591 0.9591 0.0009591
0.973 0.973 0.000973
0.987 0.987 0.000987
1.0011 1.0011 0.0010011
1.0153 1.0153 0.0010153
1.0296 1.0296 0.0010296
1.044 1.044 0.001044
1.0585 1.0585 0.0010585
1.0731 1.0731 0.0010731
1.0878 1.0878 0.0010878
1.1026 1.1026 0.0011026
1.1175 1.1175 0.0011175
1.1325 1.1325 0.0011325
1.1476 1.1476 0.0011476
1.1628 1.1628 0.0011628
1.1781 1.1781 0.0011781
1.1935 1.1935 0.0011935
1.209 1.209 0.001209
1.2246 1.2246 0.0012246
1.2403 1.2403 0.0012403
1.2561 1.2561 0.0012561
1.272 1.272 0.001272
1.288 1.288 0.001288
1.3041 1.3041 0.0013041
1.3203 1.3203 0.0013203
1.3366 1.3366 0.0013366
1.353 1.353 0.001353
1.3695 1.3695 0.0013695
1.3861 1.3861 0.0013861
1.4028 1.4028 0.0014028
1.4196 1.4196 0.0014196
1.4365 1.4365 0.0014365
1.4535 1.4535 0.0014535
1.4706 1.4706 0.0014706
1.4878 1.4878 0.0014878
1.5051 1.5051 0.0015051
1.5225 1.5225 0.0015225
1.54 1.54 0.00154
1.5576 1.5576 0.0015576
1.5753 1.5753 0.0015753
1.5931 1.5931 0.0015931
1.611 1.611 0.001611
1.629 1.629 0.001629
1.6471 1.6471 0.0016471
1.6653 1.6653 0.0016653
1.6836 1.6836 0.0016836
1.702 1.702 0.001702
1.7205 1.7205 0.0017205
1.7391 1.7391 0.0017391
1.7578 1.7578 0.0017578
1.7766 1.7766 0.0017766
1.7955 1.7955 0.0017955
1.8145 1.8145 0.0018145
1.8336 1.8336 0.0018336
1.8528 1.8528 0.0018528
1.8721 1.8721 0.0018721
1.8915 1.8915 0.0018915
1.911 1.911 0.001911
1.9306 1.9306 0.0019306
1.9503 1.9503 0.0019503
1.9701 1.9701 0.0019701
1.99 1.99 0.00199
2.01 2.01 0.00201
2.0301 2.0301 0.0020301
2.0503 2.0503 0.0020503
2.0706 2.0706 0.0020706
2.091 2.091 0.002091
2.1115 2.1115 0.0021115
2.1321 2.1321 0.0021321
2.1528 2.1528 0.0021528
2.1736 2.1736 0.0021736
2.1945 2.1945 0.0021945
2.2155 2.2155 0.0022155
2.2366 2.2366 0.0022366
2.2578 2.2578 0.0022578
2.2791 2.2791 0.0022791
2.3005 2.3005 0.0023005
2.322 2.322 0.002322
2.3436 2.3436 0.0023436
2.3653 2.3653 0.0023653
2.3871 2.3871 0.0023871
2.409 2.409 0.002409
2.431 2.431 0.002431
2.4531 2.4531 0.0024531
2.4753 2.4753 0.0024753
2.4976 2.4976 0.0024976
2.52 2.52 0.00252
2.5425 2.5425 0.0025425
2.5651 2.5651 0.0025651
2.5878 2.5878 0.0025878
2.6106 2.6106 0.0026106
2.6335 2.6335 0.0026335
2.6565 2.6565 0.0026565
2.6796 2.6796 0.0026796
2.7028 2.7028 0.0027028
2.7261 2.7261 0.0027261
2.7495 2.7495 0.0027495
2.773 2.773 0.002773
2.7966 2.7966 0.0027966
2.8203 2.8203 0.0028203
2.8441 2.8441 0.0028441
2.868 2.868 0.002868
2.892 2.892 0.002892
2.9161 2.9161 0.0029161
2.9403 2.9403 0.0029403
2.9646 2.9646 0.0029646
2.989 2.989 0.002989
3.0135 3.0135 0.0030135
3.0381 3.0381 0.0030381
3.0628 3.0628 0.0030628
3.0876 3.0876 0.0030876
3.1125 3.1125 0.0031125
3.1375 3.1375 0.0031375
3.1625 3.1625 0.0031626
3.1875 3.1875 0.0031878
3.2125 3.2125 0.0032131
3.2375 3.2375 0.0032385
3.2625 3.2625 0.003264
3.2875 3.2875 0.0032896
3.3125 3.3125 0.0033153
3.3375 3.3375 0.0033411
3.3625 3.3625 0.003367
3.3875 3.3875 0.003393
3.4125 3.4125 0.0034191
3.4375 3.4375 0.0034453
3.4625 3.4625 0.0034716
3.4875 3.4875 0.003498
3.5125 3.5125 0.0035245
3.5375 3.5375 0.0035511
3.5625 3.5625 0.0035778
3.5875 3.5875 0.0036046
3.6125 3.6125 0.0036315
3.6375 3.6375 0.0036585
3.6625 3.6625 0.0036856
3.6875 3.6875 0.0037128
3.7125 3.7125 0.0037401
3.7375 3.7375 0.0037675
3.7625 3.7625 0.003795
3.7875 3.7875 0.0038226
3.8125 3.8125 0.0038503
3.8375 3.8375 0.0038781
3.8625 3.8625 0.003906
3.8875 3.8875 0.003934
3.9125 3.9125 0.0039621
3.9375 3.9375 0.0039903
3.9625 3.9625 0.0040186
3.9875 3.9875 0.004047
4.0125 4.0125 0.0040755
4.0375 4.0375 0.0041041
4.0625 4.0625 0.0041328
4.0875 4.0875 0.0041616
4.1125 4.1125 0.0041905
4.1375 4.1375 0.0042195
4.1625 4.1625 0.0042486
4.1875 4.1875 0.0042778
4.2125 4.2125 0.0043071
4.2375 4.2375 0.0043365
4.2625 4.2625 0.004366
4.2875 4.2875 0.0043956
4.3125 4.3125 0.0044253
4.3375 4.3375 0.0044551
4.3625 4.3625 0.004485
4.3875 4.3875 0.004515
4.4125 4.4125 0.0045451
4.4375 4.4375 0.0045753
4.4625 4.4625 0.0046056
4.4875 4.4875 0.004636
4.5125 4.5125 0.0046665
4.5375 4.5375 0.0046971
4.5625 4.5625 0.0047278
4.5875 4.5875 0.0047586
4.6125 4.6125 0.0047895
4.6375 4.6375 0.0048205
4.6625 4.6625 0.0048516
4.6875 4.6875 0.0048828
4.7125 4.7125 0.0049141
4.7375 4.7375 0.0049455
4.7625 4.7625 0.004977
4.7875 4.7875 0.0050086
4.8125 4.8125 0.0050403
4.8375 4.8375 0.0050721
4.8625 4.8625 0.005104
4.8875 4.8875 0.005136
4.9125 4.9125 0.0051681
4.9375 4.9375 0.0052003
4.9625 4.9625 0.0052326
4.9875 4.9875 0.005265
5.0125 5.0125 0.0052975
5.0375 5.0375 0.0053301
5.0625 5.0625 0.0053628
5.0875 5.0875 0.0053956
5.1125 5.1125 0.0054285
5.1375 5.1375 0.0054615
5.1625 5.1625 0.0054946
5.1875 5.1875 0.0055278
5.2125 5.2125 0.0055611
5.2375 5.2375 0.0055945
5.2625 5.2625 0.005628
5.2875 5.2875 0.0056616
5.3125 5.3125 0.0056953
5.3375 5.3375 0.0057291
5.3625 5.3625 0.005763
5.3875 5.3875 0.005797
5.4125 5.4125 0.0058311
5.4375 5.4375 0.0058653
5.4625 5.4625 0.0058996
5.4875 5.4875 0.005934
5.5125 5.5125 0.0059685
5.5375 5.5375 0.0060031
5.5625 5.5625 0.0060378
5.5875 5.5875 0.0060726
5.6125 5.6125 0.0061075
5.6375 5.6375 0.0061425
5.6625 5.6625 0.0061776
5.6875 5.6875 0.0062128
5.7125 5.7125 0.0062481
5.7375 5.7375 0.0062835
5.7625 5.7625 0.006319
5.7875 5.7875 0.0063546
5.8125 5.8125 0.0063903
5.8375 5.8375 0.0064261
5.8625 5.8625 0.006462
5.8875 5.8875 0.006498
5.9125 5.9125 0.0065341
5.9375 5.9375 0.0065703
5.9625 5.9625 0.0066066
5.9875 5.9875 0.006643
6.0125 6.0125 0.0066795
6.0375 6.0375 0.0067161
6.0625 6.0625 0.0067528
6.0875 6.0875 0.0067896
6.1125 6.1125 0.0068265
6.1375 6.1375 0.0068635
6.1625 6.1625 0.0069006
6.1875 6.1875 0.0069378
6.2125 6.2125 0.0069751
6.2375 6.2375 0.0070125
6.2625 6.2625 0.00705
6.2875 6.2875 0.0070876
6.3125 6.3125 0.0071253
6.3375 6.3375 0.0071631
6.3625 6.3625 0.007201
6.3875 6.3875 0.007239
6.4125 6.4125 0.0072771
6.4375 6.4375 0.0073153
6.4625 6.4625 0.0073536
6.4875 6.4875 0.007392
6.5125 6.5125 0.0074305
6.5375 6.5375 0.0074691
6.5625 6.5625 0.0075078
6.5875 6.5875 0.0075466
6.6125 6.6125 0.0075855
6.6375 6.6375 0.0076245
6.6625 6.6625 0.0076636
6.6875 6.6875 0.0077028
6.7125 6.7125 0.0077421
6.7375 6.7375 0.0077815
6.7625 6.7625 0.007821
6.7875 6.7875 0.0078606
6.8125 6.8125 0.0079003
6.8375 6.8375 0.0079401
6.8625 6.8625 0.00798
6.8875 6.8875 0.00802
6.9125 6.9125 0.0080601
6.9375 6.9375 0.0081003
6.9625 6.9625 0.0081406
6.9875 6.9875 0.008181
7.0125 7.0125 0.0082215
7.0375 7.0375 0.0082621
7.0625 7.0625 0.0083028
7.0875 7.0875 0.0083436
7.1125 7.1125 0.0083845
7.1375 7.1375 0.0084255
7.1625 7.1625 0.0084666
7.1875 7.1875 0.0085078
7.2125 7.2125 0.0085491
7.2375 7.2375 0.0085905
7.2625 7.2625 0.008632
7.2875 7.2875 0.0086736
7.3125 7.3125 0.0087153
7.3375 7.3375 0.0087571
7.3625 7.3625 0.008799
7.3875 7.3875 0.008841
7.4125 7.4125 0.0088831
7.4375 7.4375 0.0089253
7.4625 7.4625 0.0089676
7.4875 7.4875 0.00901
7.5125 7.5125 0.0090525
7.5375 7.5375 0.0090951
7.5625 7.5625 0.0091378
7.5875 7.5875 0.0091806
7.6125 7.6125 0.0092235
7.6375 7.6375 0.0092665
7.6625 7.6625 0.0093096
7.6875 7.6875 0.0093528
7.7125 7.7125 0.0093961
7.7375 7.7375 0.0094395
7.7625 7.7625 0.009483
7.7875 7.7875 0.0095266
7.8125 7.8125 0.0095703
7.8375 7.8375 0.0096141
7.8625 7.8625 0.009658
7.8875 7.8875 0.009702
7.9125 7.9125 0.0097461
7.9375 7.9375 0.0097903
7.9625 7.9625 0.0098346
7.9875 7.9875 0.009879
8.0125 8.0125 0.0099235
8.0375 8.0375 0.0099681
8.0625 8.0625 0.0100128
8.0875 8.0875 0.0100576
8.1125 8.1125 0.0101025
8.1375 8.1375 0.0101475
8.1625 8.1625 0.0101926
8.1875 8.1875 0.0102378
8.2125 8.2125 0.0102831
8.2375 8.2375 0.0103285
8.2625 8.2625 0.010374
8.2875 8.2875 0.0104196
8.3125 8.3125 0.0104653
8.3375 8.3375 0.0105111
8.3625 8.3625 0.010557
8.3875 8.3875 0.010603
8.4125 8.4125 0.0106491
8.4375 8.4375 0.0106953
8.4625 8.4625 0.0107416
8.4875 8.4875 0.010788
8.5125 8.5125 0.0108345
8.5375 8.5375 0.0108811
8.5625 8.5625 0.0109278
8.5875 8.5875 0.0109746
8.6125 8.6125 0.0110215
8.6375 8.6375 0.0110685
8.6625 8.6625 0.0111156
8.6875 8.6875 0.0111628
8.7125 8.7125 0.0112101
8.7375 8.7375 0.0112575
8.7625 8.7625 0.011305
8.7875 8.7875 0.0113526
8.8125 8.8125 0.0114003
8.8375 8.8375 0.0114481
8.8625 8.8625 0.011496
8.8875 8.8875 0.011544
8.9125 8.9125 0.0115921
8.9375 8.9375 0.0116403
8.9625 8.9625 0.0116886
8.9875 8.9875 0.011737
9.0125 9.0125 0.0117855
9.0375 9.0375 0.0118341
9.0625 9.0625 0.0118828
9.0875 9.0875 0.0119316
9.1125 9.1125 0.0119805
9.1375 9.1375 0.0120295
9.1625 9.1625 0.0120786
9.1875 9.1875 0.0121278
9.2125 9.2125 0.0121771
9.2375 9.2375 0.0122265
9.2625 9.2625 0.012276
9.2875 9.2875 0.0123256
9.3125 9.3125 0.0123753
9.3375 9.3375 0.0124251
9.3625 9.3625 0.012475
9.3875 9.3875 0.012525
9.4125 9.4125 0.0125751
9.4375 9.4375 0.0126253
9.4625 9.4625 0.0126756
9.4875 9.4875 0.012726
9.5125 9.5125 0.0127765
9.5375 9.5375 0.0128271
9.5625 9.5625 0.0128778
9.5875 9.5875 0.0129286
9.6125 9.6125 0.0129795
9.6375 9.6375 0.0130305
9.6625 9.6625 0.0130816
9.6875 9.6875 0.0131328
9.7125 9.7125 0.0131841
9.7375 9.7375 0.0132355
9.7625 9.7625 0.013287
9.7875 9.7875 0.0133386
9.8125 9.8125 0.0133903
9.8375 9.8375 0.0134421
9.8625 9.8625 0.013494
9.8875 9.8875 0.013546
9.9125 9.9125 0.0135981
9.9375 9.9375 0.0136503
9.9625 9.9625 0.0137026
9.9875 9.9875 0.013755
10.0125 10.0125 0.0138075
10.0375 10.0375 0.0138601
10.0625 10.0625 0.0139128
10.0875 10.0875 0.0139656
10.1125 10.1125 0.0140185
10.1375 10.1375 0.0140715
10.1625 10.1625 0.0141246
10.1875 10.1875 0.0141778
10.2125 10.2125 0.0142311
10.2375 10.2375 0.0142845
10.2625 10.2625 0.014338
10.2875 10.2875 0.0143916
10.3125 10.3125 0.0144453
10.3375 10.3375 0.0144991
10.3625 10.3625 0.014553
10.3875 10.3875 0.014607
10.4125 10.4125 0.0146611
10.4375 10.4375 0.0147153
10.4625 10.4625 0.0147696
10.4875 10.4875 0.014824
10.5125 10.5125 0.0148785
10.5375 10.5375 0.0149331
10.5625 10.5625 0.0149878
10.5875 10.5875 0.0150426
10.6125 10.6125 0.0150975
10.6375 10.6375 0.0151525
10.6625 10.6625 0.0152076
10.6875 10.6875 0.0152628
10.7125 10.7125 0.0153181
10.7375 10.7375 0.0153735
10.7625 10.7625 0.015429
10.7875 10.7875 0.0154846
10.8125 10.8125 0.0155403
10.8375 10.8375 0.0155961
10.8625 10.8625 0.015652
10.8875 10.8875 0.015708
10.9125 10.9125 0.0157641
10.9375 10.9375 0.0158203
10.9625 10.9625 0.0158766
10.9875 10.9875 0.015933
11.0125 11.0125 0.0159895
11.0375 11.0375 0.0160461
11.0625 11.0625 0.0161028
11.0875 11.0875 0.0161596
11.1125 11.1125 0.0162165
11.1375 11.1375 0.0162735
11.1625 11.1625 0.0163306
11.1875 11.1875 0.0163878
11.2125 11.2125 0.0164451
11.2375 11.2375 0.0165025
11.2625 11.2625 0.01656
11.2875 11.2875 0.0166176
11.3125 11.3125 0.0166753
11.3375 11.3375 0.0167331
11.3625 11.3625 0.016791
11.3875 11.3875 0.016849
11.4125 11.4125 0.0169071
11.4375 11.4375 0.0169653
11.4625 11.4625 0.0170236
11.4875 11.4875 0.017082
11.5125 11.5125 0.0171405
11.5375 11.5375 0.0171991
11.5625 11.5625 0.0172578
11.5875 11.5875 0.0173166
11.6125 11.6125 0.0173755
11.6375 11.6375 0.0174345
11.6625 11.6625 0.0174936
11.6875 11.6875 0.0175528
11.7125 11.7125 0.0176121
11.7375 11.7375 0.0176715
11.7625 11.7625 0.017731
11.7875 11.7875 0.0177906
11.8125 11.8125 0.0178503
11.8375 11.8375 0.0179101
11.8625 11.8625 0.01797
11.8875 11.8875 0.01803
11.9125 11.9125 0.0180901
11.9375 11.9375 0.0181503
11.9625 11.9625 0.0182106
11.9875 11.9875 0.018271
12.0125 12.0125 0.0183315
12.0375 12.0375 0.0183921
12.0625 12.0625 0.0184528
12.0875 12.0875 0.0185136
12.1125 12.1125 0.0185745
12.1375 12.1375 0.0186355
12.1625 12.1625 0.0186966
12.1875 12.1875 0.0187578
12.2125 12.2125 0.0188191
12.2375 12.2375 0.0188805
12.2625 12.2625 0.018942
12.2875 12.2875 0.0190036
12.3125 12.3125 0.0190653
12.3375 12.3375 0.0191271
12.3625 12.3625 0.019189
12.3875 12.3875 0.019251
12.4125 12.4125 0.0193131
12.4375 12.4375 0.0193753
12.4625 12.4625 0.0194376
12.4875 12.4875 0.0195
12.5125 12.5125 0.0195625
12.5375 12.5375 0.0196251
12.5625 12.5625 0.0196878
12.5875 12.5875 0.0197506
12.6125 12.6125 0.0198135
12.6375 12.6375 0.0198765
12.6625 12.6625 0.0199396
12.6875 12.6875 0.0200028
12.7125 12.7125 0.0200661
12.7375 12.7375 0.0201295
12.7625 12.7625 0.020193
12.7875 12.7875 0.0202566
12.8125 12.8125 0.0203203
12.8375 12.8375 0.0203841
12.8625 12.8625 0.020448
12.8875 12.8875 0.020512
12.9125 12.9125 0.0205761
12.9375 12.9375 0.0206403
12.9625 12.9625 0.0207046
12.9875 12.9875 0.020769
13.0125 13.0125 0.0208335
13.0375 13.0375 0.0208981
13.0625 13.0625 0.0209628
13.0875 13.0875 0.0210276
13.1125 13.1125 0.0210925
13.1375 13.1375 0.0211575
13.1625 13.1625 0.0212226
13.1875 13.1875 0.0212878
13.2125 13.2125 0.0213531
13.2375 13.2375 0.0214185
13.2625 13.2625 0.021484
13.2875 13.2875 0.0215496
13.3125 13.3125 0.0216153
13.3375 13.3375 0.0216811
13.3625 13.3625 0.021747
13.3875 13.3875 0.021813
13.4125 13.4125 0.0218791
13.4375 13.4375 0.0219453
13.4625 13.4625 0.0220116
13.4875 13.4875 0.022078
13.5125 13.5125 0.0221445
13.5375 13.5375 0.0222111
13.5625 13.5625 0.0222778
13.5875 13.5875 0.0223446
13.6125 13.6125 0.0224115
13.6375 13.6375 0.0224785
13.6625 13.6625 0.0225456
13.6875 13.6875 0.0226128
13.7125 13.7125 0.0226801
13.7375 13.7375 0.0227475
13.7625 13.7625 0.022815
13.7875 13.7875 0.0228826
13.8125 13.8125 0.0229503
13.8375 13.8375 0.0230181
13.8625 13.8625 0.023086
13.8875 13.8875 0.023154
13.9125 13.9125 0.0232221
13.9375 13.9375 0.0232903
13.9625 13.9625 0.0233586
13.9875 13.9875 0.023427
14.0125 14.0125 0.0234955
14.0375 14.0375 0.0235641
14.0625 14.0625 0.0236328
14.0875 14.0875 0.0237016
14.1125 14.1125 0.0237705
14.1375 14.1375 0.0238395
14.1625 14.1625 0.0239086
14.1875 14.1875 0.0239778
14.2125 14.2125 0.0240471
14.2375 14.2375 0.0241165
14.2625 14.2625 0.024186
14.2875 14.2875 0.0242556
14.3125 14.3125 0.0243253
14.3375 14.3375 0.0243951
14.3625 14.3625 0.024465
14.3875 14.3875 0.024535
14.4125 14.4125 0.0246051
14.4375 14.4375 0.0246753
14.4625 14.4625 0.0247456
14.4875 14.4875 0.024816
14.5125 14.5125 0.0248865
14.5375 14.5375 0.0249571
14.5625 14.5625 0.0250278
14.5875 14.5875 0.0250986
14.6125 14.6125 0.0251695
14.6375 14.6375 0.0252405
14.6625 14.6625 0.0253116
14.6875 14.6875 0.0253828
14.7125 14.7125 0.0254541
14.7375 14.7375 0.0255255
14.7625 14.7625 0.025597
14.7875 14.7875 0.0256686
14.8125 14.8125 0.0257403
14.8375 14.8375 0.0258121
14.8625 14.8625 0.025884
14.8875 14.8875 0.025956
14.9125 14.9125 0.0260281
14.9375 14.9375 0.0261003
14.9625 14.9625 0.0261726
14.9875 14.9875 0.026245
15.0125 15.0125 0.0263175
15.0375 15.0375 0.0263901
15.0625 15.0625 0.0264628
15.0875 15.0875 0.0265356
15.1125 15.1125 0.0266085
15.1375 15.1375 0.0266815
15.1625 15.1625 0.0267546
15.1875 15.1875 0.0268278
15.2125 15.2125 0.0269011
15.2375 15.2375 0.0269745
15.2625 15.2625 0.027048
15.2875 15.2875 0.0271216
15.3125 15.3125 0.0271953
15.3375 15.3375 0.0272691
15.3625 15.3625 0.027343
15.3875 15.3875 0.027417
15.4125 15.4125 0.0274911
15.4375 15.4375 0.0275653
15.4625 15.4625 0.0276396
15.4875 15.4875 0.027714
15.5125 15.5125 0.0277885
15.5375 15.5375 0.0278631
15.5625 15.5625 0.0279378
15.5875 15.5875 0.0280126
15.6125 15.6125 0.0280875
15.6375 15.6375 0.0281625
15.6625 15.6625 0.0282376
15.6875 15.6875 0.0283128
15.7125 15.7125 0.0283881
15.7375 15.7375 0.0284635
15.7625 15.7625 0.028539
15.7875 15.7875 0.0286146
15.8125 15.8125 0.0286903
15.8375 15.8375 0.0287661
15.8625 15.8625 0.028842
15.8875 15.8875 0.028918
15.9125 15.9125 0.0289941
15.9375 15.9375 0.0290703
15.9625 15.9625 0.0291466
15.9875 15.9875 0.029223
16.0125 16.0125 0.0292995
16.0375 16.0375 0.0293761
16.0625 16.0625 0.0294528
16.0875 16.0875 0.0295296
16.1125 16.1125 0.0296065
16.1375 16.1375 0.0296835
16.1625 16.1625 0.0297606
16.1875 16.1875 0.0298378
16.2125 16.2125 0.0299151
16.2375 16.2375 0.0299925
16.2625 16.2625 0.03007
16.2875 16.2875 0.0301476
16.3125 16.3125 0.0302253
16.3375 16.3375 0.0303031
16.3625 16.3625 0.030381
16.3875 16.3875 0.030459
16.4125 16.4125 0.0305371
16.4375 16.4375 0.0306153
16.4625 16.4625 0.0306936
16.4875 16.4875 0.030772
16.5125 16.5125 0.0308505
16.5375 16.5375 0.0309291
16.5625 16.5625 0.0310078
16.5875 16.5875 0.0310866
16.6125 16.6125 0.0311655
16.6375 16.6375 0.0312445
16.6625 16.6625 0.0313236
16.6875 16.6875 0.0314028
16.7125 16.7125 0.0314821
16.7375 16.7375 0.0315615
16.7625 16.7625 0.031641
16.7875 16.7875 0.0317206
16.8125 16.8125 0.0318003
16.8375 16.8375 0.0318801
16.8625 16.8625 0.03196
16.8875 16.8875 0.03204
16.9125 16.9125 0.0321201
16.9375 16.9375 0.0322003
16.9625 16.9625 0.0322806
16.9875 16.9875 0.032361
17.0125 17.0125 0.0324415
17.0375 17.0375 0.0325221
17.0625 17.0625 0.0326028
17.0875 17.0875 0.0326836
17.1125 17.1125 0.0327645
17.1375 17.1375 0.0328455
17.1625 17.1625 0.0329266
17.1875 17.1875 0.0330078
17.2125 17.2125 0.0330891
17.2375 17.2375 0.0331705
17.2625 17.2625 0.033252
17.2875 17.2875 0.0333336
17.3125 17.3125 0.0334153
17.3375 17.3375 0.0334971
17.3625 17.3625 0.033579
17.3875 17.3875 0.033661
17.4125 17.4125 0.0337431
17.4375 17.4375 0.0338253
17.4625 17.4625 0.0339076
17.4875 17.4875 0.03399
17.5125 17.5125 0.0340725
17.5375 17.5375 0.0341551
17.5625 17.5625 0.0342378
17.5875 17.5875 0.0343206
17.6125 17.6125 0.0344035
17.6375 17.6375 0.0344865
17.6625 17.6625 0.0345696
17.6875 17.6875 0.0346528
17.7125 17.7125 0.0347361
17.7375 17.7375 0.0348195
17.7625 17.7625 0.034903
17.7875 17.7875 0.0349866
17.8125 17.8125 0.0350703
17.8375 17.8375 0.0351541
17.8625 17.8625 0.035238
17.8875 17.8875 0.035322
17.9125 17.9125 0.0354061
17.9375 17.9375 0.0354903
17.9625 17.9625 0.0355746
17.9875 17.9875 0.035659
18.0125 18.0125 0.0357435
18.0375 18.0375 0.0358281
18.0625 18.0625 0.0359128
18.0875 18.0875 0.0359976
18.1125 18.1125 0.0360825
18.1375 18.1375 0.0361675
18.1625 18.1625 0.0362526
18.1875 18.1875 0.0363378
18.2125 18.2125 0.0364231
18.2375 18.2375 0.0365085
18.2625 18.2625 0.036594
18.2875 18.2875 0.0366796
18.3125 18.3125 0.0367653
18.3375 18.3375 0.0368511
18.3625 18.3625 0.036937
18.3875 18.3875 0.037023
18.4125 18.4125 0.0371091
18.4375 18.4375 0.0371953
18.4625 18.4625 0.0372816
18.4875 18.4875 0.037368
18.5125 18.5125 0.0374545
18.5375 18.5375 0.0375411
18.5625 18.5625 0.0376278
18.5875 18.5875 0.0377146
18.6125 18.6125 0.0378015
18.6375 18.6375 0.0378885
18.6625 18.6625 0.0379756
18.6875 18.6875 0.0380628
18.7125 18.7125 0.0381501
18.7375 18.7375 0.0382375
18.7625 18.7625 0.038325
18.7875 18.7875 0.0384126
18.8125 18.8125 0.0385003
18.8375 18.8375 0.0385881
18.8625 18.8625 0.038676
18.8875 18.8875 0.038764
18.9125 18.9125 0.0388521
18.9375 18.9375 0.0389403
18.9625 18.9625 0.0390286
18.9875 18.9875 0.039117
19.0125 19.0125 0.0392055
19.0375 19.0375 0.0392941
19.0625 19.0625 0.0393828
19.0875 19.0875 0.0394716
19.1125 19.1125 0.0395605
19.1375 19.1375 0.0396495
19.1625 19.1625 0.0397386
19.1875 19.1875 0.0398278
19.2125 19.2125 0.0399171
19.2375 19.2375 0.0400065
19.2625 19.2625 0.040096
19.2875 19.2875 0.0401856
19.3125 19.3125 0.0402753
19.3375 19.3375 0.0403651
19.3625 19.3625 0.040455
19.3875 19.3875 0.040545
19.4125 19.4125 0.0406351
19.4375 19.4375 0.0407253
19.4625 19.4625 0.0408156
19.4875 19.4875 0.040906
19.5125 19.5125 0.0409965
19.5375 19.5375 0.0410871
19.5625 19.5625 0.0411778
19.5875 19.5875 0.0412686
19.6125 19.6125 0.0413595
19.6375 19.6375 0.0414505
19.6625 19.6625 0.0415416
19.6875 19.6875 0.0416328
19.7125 19.7125 0.0417241
19.7375 19.7375 0.0418155
19.7625 19.7625 0.041907
19.7875 19.7875 0.0419986
19.8125 19.8125 0.0420903
19.8375 19.8375 0.0421821
19.8625 19.8625 0.042274
19.8875 19.8875 0.042366
19.9125 19.9125 0.0424581
19.9375 19.9375 0.0425503
19.9625 19.9625 0.0426426
19.9875 19.9875 0.042735
20.0125 20.0125 0.0428275
20.0375 20.0375 0.0429201
20.0625 20.0625 0.0430128
20.0875 20.0875 0.0431056
