-1.4996e-09 -1.0462e-10 1.04514e-08
-0.0223612 0.441254 -3.78107
0.289987 0.081743 0.839792
0.124768 0.166802 0.140109
0.0983078 0.114554 -0.060479
0.073145 0.111925 -0.0073183
0.0740252 0.101863 -0.0204921
0.0886045 0.101141 0.0107615
0.100721 0.105962 0.0136439
0.0993436 0.103364 0.0138104
0.102756 0.106896 0.017222
0.104633 0.104698 0.0184015
0.101106 0.101308 0.00906248
0.10073 0.10156 0.00631665
0.0996258 0.101043 0.000242234
0.0995238 0.101456 -0.000196719
0.0990792 0.100843 -0.00208318
0.100091 0.10122 -0.00192796
0.10043 0.101119 -0.000437372
0.100275 0.100916 -0.000538757
0.100153 0.100675 0.000881657
0.100047 0.100725 0.000605446
0.0999646 0.100563 2.3145e-05
0.100031 0.100555 0.000794457
0.100091 0.100484 0.000806783
0.100037 0.100322 0.000630562
0.100166 0.100297 0.00128213
0.100083 0.100248 0.00127064
0.100031 0.100095 0.0012014
0.100157 0.100212 0.00167418
0.100245 0.100109 0.00201481
0.10014 0.100065 0.00162064
0.100195 0.100093 0.00182902
0.100131 0.100032 0.00194035
0.100133 0.100049 0.00166888
0.100218 0.100138 0.00175334
0.100221 0.100144 0.00171808
0.100173 0.10012 0.00152786
0.100073 0.100112 0.00145342
0.100045 0.100075 0.00141285
0.0999516 0.100004 0.00122097
0.0999364 0.100052 0.001339
0.0999859 0.100075 0.00153415
0.0999687 0.100075 0.00163559
0.0999915 0.100108 0.00166926
0.09998 0.10007 0.00169559
0.0999564 0.100073 0.0016332
0.10001 0.100097 0.00165946
0.10003 0.100117 0.00170641
0.0999934 0.100087 0.00163682
0.0999717 0.100093 0.00154564
0.0999911 0.100042 0.001612
0.0999801 0.10003 0.00162813
0.0999841 0.100034 0.00162927
0.100005 0.100052 0.00165757
0.0999926 0.100057 0.00163048
0.100009 0.100039 0.00171927
0.0999968 0.100035 0.00174698
0.0999814 0.10003 0.00176305
0.0999695 0.100037 0.00180734
0.0999831 0.10002 0.00186487
0.0999982 0.100035 0.00191295
0.0999991 0.100037 0.00192494
0.0999905 0.100033 0.00189011
0.0999951 0.100033 0.00190572
0.0999962 0.100033 0.00190917
0.100013 0.100031 0.00194447
0.100023 0.100027 0.00198139
0.100014 0.100025 0.00196846
0.100018 0.100019 0.00198659
0.100017 0.100008 0.00196007
0.100003 0.100003 0.00194287
0.100005 0.100005 0.00195218
0.10001 0.100007 0.00196453
0.100006 0.100002 0.00195261
0.100006 0.10001 0.00197036
0.100004 0.100012 0.00196676
0.100007 0.100012 0.0019632
0.100007 0.100009 0.00195231
0.100008 0.100007 0.00197778
0.100015 0.100007 0.00200742
0.100024 0.100013 0.00201304
0.100023 0.100012 0.00200362
0.100016 0.100012 0.00198721
0.10001 0.100005 0.00198234
0.100002 0.100006 0.00196932
0.0999979 0.100003 0.00197336
0.0999987 0.100003 0.00197625
0.0999938 0.100006 0.00197034
0.0999991 0.100013 0.00197342
0.1 0.100014 0.00196735
0.0999998 0.10002 0.00196806
0.0999996 0.100019 0.00197695
0.100002 0.100022 0.00198804
0.100001 0.10002 0.00198845
0.100001 0.10002 0.00198082
0.0999974 0.100019 0.00197516
0.0999983 0.100018 0.00198368
0.0999947 0.100015 0.00198401
0.0999917 0.100012 0.00198404
0.0999941 0.10001 0.00198922
0.0999975 0.100009 0.0019919
0.1 0.100009 0.00200086
0.100005 0.100008 0.00201234
0.100004 0.100008 0.0020089
0.100007 0.100007 0.00201848
0.10001 0.100007 0.00202336
0.100014 0.100009 0.00203094
0.100014 0.10001 0.0020304
0.100013 0.100008 0.00202646
0.100011 0.100008 0.00202167
0.10001 0.100005 0.00202491
0.10001 0.100003 0.00202369
0.100004 0.0999991 0.00201742
0.1 0.0999986 0.00200685
0.0999976 0.0999981 0.00200004
0.0999966 0.0999969 0.00200498
0.0999977 0.099999 0.00200823
0.0999983 0.0999993 0.0020076
0.0999952 0.1 0.00200483
0.0999975 0.100002 0.00200249
0.0999954 0.0999983 0.00199771
0.0999957 0.0999971 0.00199861
0.0999965 0.0999966 0.00200139
0.0999953 0.0999944 0.00199609
0.0999944 0.0999949 0.00199379
0.0999926 0.0999944 0.00199362
0.0999902 0.0999927 0.00198953
0.0999926 0.0999939 0.00199228
0.0999945 0.0999955 0.00199748
0.0999941 0.0999954 0.00199523
0.0999935 0.0999963 0.00199373
0.0999925 0.099996 0.0019931
0.0999961 0.0999976 0.00199758
0.0999961 0.0999981 0.00199654
0.0999965 0.0999987 0.00200015
0.0999964 0.0999986 0.00199962
0.099998 0.0999996 0.00199933
0.0999984 0.0999998 0.00199777
0.0999993 0.0999996 0.00199867
0.0999989 0.0999991 0.00199704
0.0999982 0.0999979 0.00199701
0.0999992 0.0999991 0.00200103
0.0999982 0.0999995 0.0020023
0.0999989 0.0999995 0.00200323
0.099999 0.1 0.00199959
0.0999995 0.1 0.00200052
0.0999995 0.100001 0.00199948
0.1 0.100001 0.00199951
0.100001 0.0999995 0.00200158
0.100001 0.100001 0.00200062
0.100002 0.1 0.00200228
0.100001 0.0999998 0.00200024
0.1 0.0999997 0.0019989
0.0999999 0.0999995 0.00199969
0.1 0.0999995 0.00199952
0.100001 0.1 0.00199985
0.100001 0.100001 0.00200046
0.1 0.100001 0.00199837
0.100001 0.100001 0.00199837
0.100001 0.0999996 0.00199954
0.100002 0.1 0.00200075
0.100001 0.0999997 0.00200025
0.100002 0.0999995 0.00200073
0.100002 0.0999993 0.00200156
0.100002 0.0999989 0.00200063
0.100002 0.0999995 0.00199856
0.100001 0.0999998 0.00199938
0.100001 0.0999993 0.00200077
0.1 0.099999 0.00199733
0.0999993 0.0999982 0.00199558
0.1 0.0999984 0.00199733
0.1 0.0999986 0.00199594
0.1 0.099999 0.00199658
0.100001 0.0999995 0.00199813
0.100001 0.0999994 0.00199691
0.100001 0.0999993 0.00199638
0.1 0.0999992 0.00199628
0.0999994 0.0999993 0.00199385
0.1 0.0999999 0.00199397
0.0999987 0.0999995 0.00199212
0.099999 0.0999998 0.0019927
0.0999989 0.0999999 0.00199243
0.0999977 0.0999998 0.00199009
0.0999974 0.0999995 0.00198919
0.0999982 0.0999993 0.00199102
0.0999984 0.0999996 0.00199112
0.0999987 0.1 0.00199068
0.099999 0.1 0.00199063
0.0999985 0.0999995 0.00198998
0.0999987 0.0999991 0.00199044
0.0999987 0.0999989 0.00198968
0.0999986 0.099999 0.00199009
0.0999989 0.0999987 0.00199006
0.099999 0.0999986 0.00199001
0.0999985 0.0999986 0.00198953
0.0999984 0.0999985 0.00199003
0.0999984 0.0999982 0.00199053
0.0999979 0.099998 0.00199025
0.0999977 0.0999981 0.00198944
0.0999979 0.0999977 0.00199033
0.0999987 0.0999981 0.00199187
0.099999 0.0999987 0.00199327
0.0999989 0.0999986 0.00199455
0.0999989 0.0999989 0.00199428
0.0999996 0.0999992 0.00199626
0.0999995 0.0999992 0.00199726
0.0999987 0.0999989 0.00199664
0.0999989 0.099999 0.0019972
0.0999987 0.0999988 0.00199633
0.0999986 0.0999989 0.0019961
0.0999991 0.0999995 0.00199741
0.0999989 0.0999994 0.0019971
0.0999987 0.0999993 0.00199727
0.0999987 0.0999994 0.00199643
