1.001 1.001 0.001001
1.101 1.101 0.001101
1.201 1.201 0.001201
1.301 1.301 0.001301
1.401 1.401 0.001401
1.501 1.501 0.001501
1.601 1.601 0.001601
1.701 1.701 0.001701
1.801 1.801 0.001801
1.901 1.901 0.001901
2.001 2.001 0.002001
2.101 2.101 0.002101
2.201 2.201 0.002201
2.301 2.301 0.002301
2.401 2.401 0.002401
2.501 2.501 0.002501
2.601 2.601 0.002601
2.701 2.701 0.002701
2.801 2.801 0.002801
2.901 2.901 0.002901
3.001 3.001 0.003001
3.101 3.101 0.003101
3.201 3.201 0.003201
3.301 3.301 0.003301
3.401 3.401 0.003401
3.501 3.501 0.003501
3.601 3.601 0.003601
3.701 3.701 0.003701
3.801 3.801 0.003801
3.901 3.901 0.003901
4.001 4.001 0.004001
4.101 4.101 0.004101
4.201 4.201 0.004201
4.301 4.301 0.004301
4.401 4.401 0.004401
4.501 4.501 0.004501
4.601 4.601 0.004601
4.701 4.701 0.004701
4.801 4.801 0.004801
4.901 4.901 0.004901
5.001 5.001 0.005001
5.101 5.101 0.005101
5.201 5.201 0.005201
5.301 5.301 0.005301
5.401 5.401 0.005401
5.501 5.501 0.005501
5.601 5.601 0.005601
5.701 5.701 0.005701
5.801 5.801 0.005801
5.901 5.901 0.005901
6.001 6.001 0.006001
6.101 6.101 0.006101
6.201 6.201 0.006201
6.301 6.301 0.006301
6.401 6.401 0.006401
6.501 6.501 0.006501
6.601 6.601 0.006601
6.701 6.701 0.006701
6.801 6.801 0.006801
6.901 6.901 0.006901
7.001 7.001 0.007001
7.101 7.101 0.007101
7.201 7.201 0.007201
7.301 7.301 0.007301
7.401 7.401 0.007401
7.501 7.501 0.007501
7.601 7.601 0.007601
7.701 7.701 0.007701
7.801 7.801 0.007801
7.901 7.901 0.007901
8.001 8.001 0.008001
8.101 8.101 0.008101
8.201 8.201 0.008201
8.301 8.301 0.008301
8.401 8.401 0.008401
8.501 8.501 0.008501
8.601 8.601 0.008601
8.701 8.701 0.008701
8.801 8.801 0.008801
8.901 8.901 0.008901
9.001 9.001 0.009001
9.101 9.101 0.009101
9.201 9.201 0.009201
9.301 9.301 0.009301
9.401 9.401 0.009401
9.501 9.501 0.009501
9.601 9.601 0.009601
9.701 9.701 0.009701
9.801 9.801 0.009801
9.901 9.901 0.009901
10.001 10.001 0.010001
10.101 10.101 0.010101
10.201 10.201 0.010201
10.301 10.301 0.010301
10.401 10.401 0.010401
10.501 10.501 0.010501
10.601 10.601 0.010601
10.701 10.701 0.010701
10.801 10.801 0.010801
10.901 10.901 0.010901
11.001 11.001 0.011001
11.101 11.101 0.011101
11.201 11.201 0.011201
11.301 11.301 0.011301
11.401 11.401 0.011401
11.501 11.501 0.011501
11.601 11.601 0.011601
11.701 11.701 0.011701
11.801 11.801 0.011801
11.901 11.901 0.011901
12.001 12.001 0.012001
12.101 12.101 0.012101
12.201 12.201 0.012201
12.301 12.301 0.012301
12.401 12.401 0.012401
12.501 12.501 0.012501
12.601 12.601 0.012601
12.701 12.701 0.012701
12.801 12.801 0.012801
12.901 12.901 0.012901
13.001 13.001 0.013001
13.101 13.101 0.013101
13.201 13.201 0.013201
13.301 13.301 0.013301
13.401 13.401 0.013401
13.501 13.501 0.013501
13.601 13.601 0.013601
13.701 13.701 0.013701
13.801 13.801 0.013801
13.901 13.901 0.013901
14.001 14.001 0.014001
14.101 14.101 0.014101
14.201 14.201 0.014201
14.301 14.301 0.014301
14.401 14.401 0.014401
14.501 14.501 0.014501
14.601 14.601 0.014601
14.701 14.701 0.014701
14.801 14.801 0.014801
14.901 14.901 0.014901
15.001 15.001 0.015001
15.101 15.101 0.015101
15.201 15.201 0.015201
15.301 15.301 0.015301
15.401 15.401 0.015401
15.501 15.501 0.015501
15.601 15.601 0.015601
15.701 15.701 0.015701
15.801 15.801 0.015801
15.901 15.901 0.015901
16.001 16.001 0.016001
16.101 16.101 0.016101
16.201 16.201 0.016201
16.301 16.301 0.016301
16.401 16.401 0.016401
16.501 16.501 0.016501
16.601 16.601 0.016601
16.701 16.701 0.016701
16.801 16.801 0.016801
16.901 16.901 0.016901
17.001 17.001 0.017001
17.101 17.101 0.017101
17.201 17.201 0.017201
17.301 17.301 0.017301
17.401 17.401 0.017401
17.501 17.501 0.017501
17.601 17.601 0.017601
17.701 17.701 0.017701
17.801 17.801 0.017801
17.901 17.901 0.017901
18.001 18.001 0.018001
18.101 18.101 0.018101
18.201 18.201 0.018201
18.301 18.301 0.018301
18.401 18.401 0.018401
18.501 18.501 0.018501
18.601 18.601 0.018601
18.701 18.701 0.018701
18.801 18.801 0.018801
18.901 18.901 0.018901
19.001 19.001 0.019001
19.101 19.101 0.019101
19.201 19.201 0.019201
19.301 19.301 0.019301
19.401 19.401 0.019401
19.501 19.501 0.019501
19.601 19.601 0.019601
19.701 19.701 0.019701
19.801 19.801 0.019801
19.901 19.901 0.019901
20.001 20.001 0.020001
20.101 20.101 0.020101
20.201 20.201 0.020201
20.301 20.301 0.020301
20.401 20.401 0.020401
20.501 20.501 0.020501
20.601 20.601 0.020601
20.701 20.701 0.020701
20.801 20.801 0.020801
20.901 20.901 0.020901
21.001 21.001 0.021001
21.101 21.101 0.021101
21.201 21.201 0.021201
21.301 21.301 0.021301
21.401 21.401 0.021401
21.501 21.501 0.021501
21.601 21.601 0.021601
21.701 21.701 0.021701
21.801 21.801 0.021801
21.901 21.901 0.021901
22.001 22.001 0.022001
22.101 22.101 0.022101
22.201 22.201 0.022201
22.301 22.301 0.022301
22.401 22.401 0.022401
22.501 22.501 0.022501
22.601 22.601 0.022601
22.701 22.701 0.022701
22.801 22.801 0.022801
22.901 22.901 0.022901
23.001 23.001 0.023001
23.101 23.101 0.023101
23.201 23.201 0.023201
23.301 23.301 0.023301
23.401 23.401 0.023401
23.501 23.501 0.023501
23.601 23.601 0.023601
23.701 23.701 0.023701
23.801 23.801 0.023801
23.901 23.901 0.023901
24.001 24.001 0.024001
24.101 24.101 0.024101
24.201 24.201 0.024201
24.301 24.301 0.024301
24.401 24.401 0.024401
24.501 24.501 0.024501
24.601 24.601 0.024601
24.701 24.701 0.024701
24.801 24.801 0.024801
24.901 24.901 0.024901
25.001 25.001 0.025001
25.101 25.101 0.025101
25.201 25.201 0.025201
25.301 25.301 0.025301
25.401 25.401 0.025401
25.501 25.501 0.025501
25.601 25.601 0.025601
25.701 25.701 0.025701
25.801 25.801 0.025801
25.901 25.901 0.025901
26.001 26.001 0.026001
26.101 26.101 0.026101
26.201 26.201 0.026201
26.301 26.301 0.026301
26.401 26.401 0.026401
26.501 26.501 0.026501
26.601 26.601 0.026601
26.701 26.701 0.026701
26.801 26.801 0.026801
26.901 26.901 0.026901
27.001 27.001 0.027001
27.101 27.101 0.027101
27.201 27.201 0.027201
27.301 27.301 0.027301
27.401 27.401 0.027401
27.501 27.501 0.027501
27.601 27.601 0.027601
27.701 27.701 0.027701
27.801 27.801 0.027801
27.901 27.901 0.027901
28.001 28.001 0.028001
28.101 28.101 0.028101
28.201 28.201 0.028201
28.301 28.301 0.028301
28.401 28.401 0.028401
28.501 28.501 0.028501
28.601 28.601 0.028601
28.701 28.701 0.028701
28.801 28.801 0.028801
28.901 28.901 0.028901
29.001 29.001 0.029001
29.101 29.101 0.029101
29.201 29.201 0.029201
29.301 29.301 0.029301
29.401 29.401 0.029401
29.501 29.501 0.029501
29.601 29.601 0.029601
29.701 29.701 0.029701
29.801 29.801 0.029801
29.901 29.901 0.029901
30.001 30.001 0.030001
30.101 30.101 0.030101
30.201 30.201 0.030201
30.301 30.301 0.030301
30.401 30.401 0.030401
30.501 30.501 0.030501
30.601 30.601 0.030601
30.701 30.701 0.030701
30.801 30.801 0.030801
30.901 30.901 0.030901
31.001 31.001 0.031001
31.101 31.101 0.031101
31.201 31.201 0.031201
31.301 31.301 0.031301
31.401 31.401 0.031401
31.501 31.501 0.031501
31.601 31.601 0.031601
31.701 31.701 0.031701
31.801 31.801 0.031801
31.901 31.901 0.031901
32.001 32.001 0.032001
32.101 32.101 0.032101
32.201 32.201 0.032201
32.301 32.301 0.032301
32.401 32.401 0.032401
32.501 32.501 0.032501
32.601 32.601 0.032601
32.701 32.701 0.032701
32.801 32.801 0.032801
32.901 32.901 0.032901
33.001 33.001 0.033001
33.101 33.101 0.033101
33.201 33.201 0.033201
33.301 33.301 0.033301
33.401 33.401 0.033401
33.501 33.501 0.033501
33.601 33.601 0.033601
33.701 33.701 0.033701
33.801 33.801 0.033801
33.901 33.901 0.033901
34.001 34.001 0.034001
34.101 34.101 0.034101
34.201 34.201 0.034201
34.301 34.301 0.034301
34.401 34.401 0.034401
34.501 34.501 0.034501
34.601 34.601 0.034601
34.701 34.701 0.034701
34.801 34.801 0.034801
34.901 34.901 0.034901
35.001 35.001 0.035001
35.101 35.101 0.035101
35.201 35.201 0.035201
35.301 35.301 0.035301
35.401 35.401 0.035401
35.501 35.501 0.035501
35.601 35.601 0.035601
35.701 35.701 0.035701
35.801 35.801 0.035801
35.901 35.901 0.035901
36.001 36.001 0.036001
36.101 36.101 0.036101
36.201 36.201 0.036201
36.301 36.301 0.036301
36.401 36.401 0.036401
36.501 36.501 0.036501
36.601 36.601 0.036601
36.701 36.701 0.036701
36.801 36.801 0.036801
36.901 36.901 0.036901
37.001 37.001 0.037001
37.101 37.101 0.037101
37.201 37.201 0.037201
37.301 37.301 0.037301
37.401 37.401 0.037401
37.501 37.501 0.037501
37.601 37.601 0.037601
37.701 37.701 0.037701
37.801 37.801 0.037801
37.901 37.901 0.037901
38.001 38.001 0.038001
38.101 38.101 0.038101
38.201 38.201 0.038201
38.301 38.301 0.038301
38.401 38.401 0.038401
38.501 38.501 0.038501
38.601 38.601 0.038601
38.701 38.701 0.038701
38.801 38.801 0.038801
38.901 38.901 0.038901
39.001 39.001 0.039001
39.101 39.101 0.039101
39.201 39.201 0.039201
39.301 39.301 0.039301
39.401 39.401 0.039401
39.501 39.501 0.039501
39.601 39.601 0.039601
39.701 39.701 0.039701
39.801 39.801 0.039801
39.901 39.901 0.039901
40.001 40.001 0.040001
40.101 40.101 0.040101
40.201 40.201 0.040201
40.301 40.301 0.040301
40.401 40.401 0.040401
40.501 40.501 0.040501
40.601 40.601 0.040601
40.701 40.701 0.040701
40.801 40.801 0.040801
40.901 40.901 0.040901
41.001 41.001 0.041001
41.101 41.101 0.041101
41.201 41.201 0.041201
41.301 41.301 0.041301
41.401 41.401 0.041401
41.501 41.501 0.041501
41.601 41.601 0.041601
41.701 41.701 0.041701
41.801 41.801 0.041801
41.901 41.901 0.041901
42.001 42.001 0.042001
42.101 42.101 0.042101
42.201 42.201 0.042201
42.301 42.301 0.042301
42.401 42.401 0.042401
42.501 42.501 0.042501
42.601 42.601 0.042601
42.701 42.701 0.042701
42.801 42.801 0.042801
42.901 42.901 0.042901
43.001 43.001 0.043001
43.101 43.101 0.043101
43.201 43.201 0.043201
43.301 43.301 0.043301
43.401 43.401 0.043401
43.501 43.501 0.043501
43.601 43.601 0.043601
43.701 43.701 0.043701
43.801 43.801 0.043801
43.901 43.901 0.043901
44.001 44.001 0.044001
44.101 44.101 0.044101
44.201 44.201 0.044201
44.301 44.301 0.044301
44.401 44.401 0.044401
44.501 44.501 0.044501
44.601 44.601 0.044601
44.701 44.701 0.044701
44.801 44.801 0.044801
44.901 44.901 0.044901
45.001 45.001 0.045001
45.101 45.101 0.045101
45.201 45.201 0.045201
45.301 45.301 0.045301
45.401 45.401 0.045401
45.501 45.501 0.045501
45.601 45.601 0.045601
45.701 45.701 0.045701
45.801 45.801 0.045801
45.901 45.901 0.045901
46.001 46.001 0.046001
46.101 46.101 0.046101
46.201 46.201 0.046201
46.301 46.301 0.046301
46.401 46.401 0.046401
46.501 46.501 0.046501
46.601 46.601 0.046601
46.701 46.701 0.046701
46.801 46.801 0.046801
46.901 46.901 0.046901
47.001 47.001 0.047001
47.101 47.101 0.047101
47.201 47.201 0.047201
47.301 47.301 0.047301
47.401 47.401 0.047401
47.501 47.501 0.047501
47.601 47.601 0.047601
47.701 47.701 0.047701
47.801 47.801 0.047801
47.901 47.901 0.047901
48.001 48.001 0.048001
48.101 48.101 0.048101
48.201 48.201 0.048201
48.301 48.301 0.048301
48.401 48.401 0.048401
48.501 48.501 0.048501
48.601 48.601 0.048601
48.701 48.701 0.048701
48.801 48.801 0.048801
48.901 48.901 0.048901
49.001 49.001 0.049001
49.101 49.101 0.049101
49.201 49.201 0.049201
49.301 49.301 0.049301
49.401 49.401 0.049401
49.501 49.501 0.049501
49.601 49.601 0.049601
49.701 49.701 0.049701
49.801 49.801 0.049801
49.901 49.901 0.049901
50.001 50.001 0.050001
50.101 50.101 0.050101
50.201 50.201 0.050201
50.301 50.301 0.050301
50.401 50.401 0.050401
50.501 50.501 0.050501
50.601 50.601 0.050601
50.701 50.701 0.050701
50.801 50.801 0.050801
50.901 50.901 0.050901
51.001 51.001 0.051001
51.101 51.101 0.051101
51.201 51.201 0.051201
51.301 51.301 0.051301
51.401 51.401 0.051401
51.501 51.501 0.051501
51.601 51.601 0.051601
51.701 51.701 0.051701
51.801 51.801 0.051801
51.901 51.901 0.051901
52.001 52.001 0.052001
52.101 52.101 0.052101
52.201 52.201 0.052201
52.301 52.301 0.052301
52.401 52.401 0.052401
52.501 52.501 0.052501
52.601 52.601 0.052601
52.701 52.701 0.052701
52.801 52.801 0.052801
52.901 52.901 0.052901
53.001 53.001 0.053001
53.101 53.101 0.053101
53.201 53.201 0.053201
53.301 53.301 0.053301
53.401 53.401 0.053401
53.501 53.501 0.053501
53.601 53.601 0.053601
53.701 53.701 0.053701
53.801 53.801 0.053801
53.901 53.901 0.053901
54.001 54.001 0.054001
54.101 54.101 0.054101
54.201 54.201 0.054201
54.301 54.301 0.054301
54.401 54.401 0.054401
54.501 54.501 0.054501
54.601 54.601 0.054601
