-3.01419e-10 -2.10287e-11 2.1948e-10
0.000175318 0.0307076 -0.251857
0.0433265 0.013308 0.0893775
0.0364906 0.0381985 0.0258392
0.0417683 0.0411504 -0.0134122
0.043445 0.0518353 -0.00187098
0.0510436 0.0591211 -0.00754954
0.0650805 0.0692184 0.00393151
0.0799869 0.081626 0.00632407
0.0892703 0.0907105 0.00781741
0.101296 0.103216 0.011186
0.112853 0.112382 0.0137772
0.120725 0.120354 0.00876455
0.130555 0.130687 0.00752158
0.139688 0.140412 0.00294788
0.149541 0.150885 0.00252144
0.159049 0.160424 0.000641265
0.170004 0.170897 0.000587317
0.180383 0.180905 0.00202958
0.190258 0.190786 0.00188368
0.200135 0.200584 0.00357442
0.210017 0.210719 0.00330574
0.219914 0.220579 0.00257235
0.230005 0.230627 0.00365353
0.240096 0.240583 0.00375226
0.250023 0.250385 0.00356305
0.260232 0.260378 0.00465985
0.270111 0.270326 0.00477076
0.280033 0.280092 0.00478113
0.29026 0.29031 0.00573256
0.300437 0.300144 0.00652118
0.310265 0.310072 0.00598033
0.320387 0.320133 0.0065499
0.330279 0.33002 0.006953
0.340293 0.340057 0.00658481
0.350487 0.350252 0.00693041
0.360515 0.360279 0.00702935
0.370431 0.370238 0.0067746
0.380218 0.380233 0.0067575
0.390158 0.390158 0.00680631
0.399938 0.399992 0.00648147
0.409895 0.410113 0.00689718
0.420014 0.420174 0.00752674
0.429968 0.430183 0.0079444
0.440026 0.440278 0.00819723
0.449993 0.450186 0.00843503
0.459926 0.460199 0.00843128
0.470075 0.470276 0.00867187
0.480132 0.480343 0.0089727
0.490028 0.490266 0.00893682
0.499962 0.500293 0.00882631
0.510019 0.510145 0.00918542
0.519984 0.520113 0.00939761
0.529995 0.530126 0.0095637
0.54006 0.540189 0.00981853
0.550021 0.550212 0.00989474
0.560076 0.560155 0.0103577
0.570034 0.570148 0.010625
0.57998 0.580131 0.0108569
0.589936 0.590161 0.0111907
0.599982 0.600102 0.0115804
0.610036 0.610158 0.0119441
0.620039 0.620171 0.0121806
0.630007 0.630158 0.0122405
0.640023 0.640162 0.0124902
0.650027 0.650167 0.0126938
0.660094 0.660159 0.013025
0.670136 0.670146 0.0133684
0.680099 0.680141 0.0135139
0.690121 0.690121 0.0137862
0.700118 0.700076 0.0138725
0.710058 0.710056 0.0139952
0.720069 0.720063 0.0142298
0.730091 0.730075 0.0144795
0.740073 0.740051 0.0146226
0.750075 0.750086 0.0148986
0.760064 0.7601 0.0150793
0.770079 0.770099 0.0152595
0.78008 0.780088 0.0154049
0.790086 0.790079 0.0157214
0.800119 0.80008 0.016062
0.810166 0.81011 0.0162903
0.820162 0.820106 0.016445
0.830133 0.830104 0.0165634
0.840104 0.84007 0.0167374
0.850062 0.85008 0.0168691
0.860041 0.860063 0.0170869
0.870044 0.870064 0.0172994
0.880019 0.880081 0.0174657
0.890047 0.89012 0.0176791
0.900053 0.900125 0.0178435
0.91005 0.910157 0.018044
0.920049 0.920153 0.0182901
0.930061 0.930174 0.0185499
0.940058 0.940163 0.018751
0.950054 0.950169 0.0189062
0.960036 0.960164 0.0190717
0.970041 0.97016 0.019319
0.98002 0.980144 0.0195192
0.990001 0.990127 0.0197179
1.00002 1.00012 0.0199474
1.01003 1.01011 0.0201625
1.02005 1.02011 0.0204168
1.03008 1.03011 0.0206879
1.04008 1.04011 0.0208677
1.0501 1.0501 0.0211293
1.06011 1.0601 0.0213622
1.07014 1.07012 0.0216133
1.08014 1.08013 0.0218129
1.09014 1.09011 0.0219902
1.10012 1.10011 0.0221612
1.11012 1.11009 0.0223849
1.12012 1.12008 0.0225792
1.13008 1.13005 0.0227389
1.14006 1.14005 0.0228681
1.15004 1.15005 0.0230216
1.16003 1.16004 0.0232561
1.17004 1.17005 0.0234795
1.18004 1.18005 0.0236759
1.19002 1.19006 0.0238568
1.20004 1.20007 0.0240404
1.21002 1.21005 0.0242058
1.22002 1.22004 0.0244121
1.23003 1.23003 0.0246326
1.24002 1.24002 0.0247932
1.25001 1.25002 0.0249754
1.26 1.26002 0.0251735
1.26998 1.27 0.0253416
1.28 1.28001 0.0255617
1.29001 1.29002 0.0258013
1.30001 1.30002 0.0259834
1.31 1.31003 0.0261711
1.31999 1.32003 0.0263656
1.33002 1.33004 0.0266007
1.34002 1.34004 0.026792
1.35002 1.35005 0.027021
1.36002 1.36005 0.0272168
1.37003 1.37005 0.0274144
1.38004 1.38006 0.0276013
1.39004 1.39005 0.0278086
1.40004 1.40005 0.0279947
1.41003 1.41004 0.0281941
1.42004 1.42005 0.0284282
1.43003 1.43005 0.0286393
1.44004 1.44005 0.0288475
1.45004 1.45006 0.029016
1.46005 1.46006 0.0292241
1.47005 1.47006 0.0294149
1.48005 1.48007 0.0296152
1.49006 1.49005 0.0298337
1.50006 1.50006 0.0300251
1.51007 1.51006 0.0302403
1.52006 1.52006 0.0304219
1.53005 1.53005 0.0306096
1.54005 1.54005 0.0308168
1.55005 1.55005 0.0310151
1.56006 1.56006 0.0312183
1.57006 1.57007 0.031424
1.58005 1.58006 0.0316042
1.59006 1.59006 0.0318041
1.60006 1.60005 0.0320152
1.61006 1.61006 0.0322269
1.62006 1.62005 0.0324221
1.63007 1.63005 0.0326268
1.64007 1.64005 0.032835
1.65007 1.65005 0.033026
1.66007 1.66005 0.0332054
1.67006 1.67005 0.0334135
1.68006 1.68005 0.0336275
1.69005 1.69005 0.0337926
1.70004 1.70004 0.0339745
1.71005 1.71004 0.034192
1.72005 1.72004 0.0343773
1.73006 1.73005 0.0345836
1.74006 1.74005 0.0347995
1.75006 1.75005 0.0349864
1.76006 1.76005 0.0351804
1.77005 1.77005 0.0353791
1.78004 1.78005 0.0355526
1.79005 1.79005 0.0357533
1.80004 1.80005 0.0359327
1.81004 1.81005 0.0361383
1.82004 1.82006 0.0363346
1.83003 1.83005 0.0365081
1.84002 1.84005 0.0366971
1.85003 1.85005 0.0369164
1.86003 1.86005 0.0371166
1.87004 1.87006 0.0373108
1.88004 1.88006 0.0375092
1.89003 1.89005 0.0377009
1.90004 1.90005 0.0379052
1.91004 1.91004 0.0380955
1.92003 1.92004 0.0382993
1.93004 1.93004 0.0384979
1.94004 1.94004 0.0386963
1.95003 1.95004 0.0388897
1.96003 1.96004 0.0390946
1.97003 1.97003 0.0392995
1.98003 1.98003 0.0394952
1.99002 1.99003 0.0396846
2.00002 2.00003 0.0398941
2.01003 2.01003 0.0401118
2.02004 2.02004 0.040328
2.03004 2.03004 0.040543
2.04004 2.04004 0.0407391
2.05004 2.05004 0.040963
2.06004 2.06005 0.0411749
2.07003 2.07004 0.041367
2.08004 2.08004 0.0415737
2.09003 2.09004 0.0417624
2.10003 2.10004 0.0419592
2.11004 2.11005 0.0421754
2.12003 2.12005 0.0423712
2.13003 2.13005 0.0425731
2.14003 2.14005 0.0427619
