-0.00936558 -0.0117282 -0.00729248
0.00583246 0.0011692 0.0259708
0.00111309 -0.00246231 0.00438188
0.00124608 -0.00403464 -0.00680655
0.00101464 -0.00187789 0.0090945
-0.00294918 -0.00602314 -0.0233979
0.0158399 0.022599 0.000844354
0.0144528 -0.00628087 0.0231146
-0.00868966 -0.00618091 -0.00421833
0.00823536 0.00889676 0.00900447
0.0204307 0.014912 0.0104207
0.00253996 -0.000654186 0.016799
-0.000248901 -0.00216373 0.0125875
-0.00838191 -0.00224118 -0.0318379
-0.00122619 0.0062889 -0.0245699
0.0108145 0.0116703 0.00119088
-0.0082249 0.0031125 -0.0358863
0.021636 0.0274454 0.0095826
0.0206446 0.0227601 0.00510981
0.00607476 0.00596886 -0.011383
0.0220439 0.0176896 0.00116082
0.0127621 0.0121732 0.00272537
0.0307251 0.0336426 -0.00173446
0.019895 0.022063 -0.011341
0.0490672 0.0392986 0.0217311
0.0281094 0.0339854 -0.00864731
0.0464157 0.0421848 0.012072
0.0381548 0.0424526 -0.00363577
0.0287303 0.0425368 -0.0243179
0.0378001 0.0408533 -0.00847649
0.054177 0.055269 0.0135377
0.0584961 0.055983 0.0170198
0.0294334 0.0302372 -0.0255756
0.0422755 0.0538456 -0.0343283
0.048546 0.054242 -0.0076394
0.0536705 0.061372 -0.00825689
0.0653407 0.0628629 -0.0167391
0.0689729 0.0765074 -0.00873652
0.0762697 0.0765238 0.012988
0.0881821 0.0771368 0.0324946
0.0987774 0.0976806 0.0038783
0.0880461 0.0900208 -0.00296779
0.076666 0.0829933 -0.0284722
0.0931059 0.101135 -0.00796441
0.105244 0.106529 -0.00379862
0.107328 0.112317 -0.0172143
0.113078 0.106229 0.0116208
0.128169 0.120565 0.0252081
0.117749 0.123075 -0.0171681
0.12082 0.114917 0.0117313
0.133343 0.132637 -0.0113438
0.133465 0.133248 0.0150158
0.132846 0.127344 -0.00394688
0.134696 0.133417 0.00664928
0.141814 0.146235 -0.00846586
0.163193 0.157701 0.0206419
0.146053 0.145986 -0.0270162
0.166735 0.169565 -0.00462965
0.171653 0.171114 -0.00796571
0.200824 0.196998 0.0251487
0.187183 0.180574 0.00430258
0.177176 0.180142 -0.0116389
0.180973 0.18422 -0.0195799
0.199851 0.20931 -0.0167192
0.20934 0.212533 0.00173502
0.230334 0.226018 0.0423726
0.24401 0.225786 0.028302
0.23942 0.243852 0.0222458
0.247934 0.252052 0.00330857
0.24772 0.236795 0.00337755
0.233721 0.237115 -0.0155833
0.250627 0.261345 -0.00484329
0.252023 0.258819 -0.00813139
0.270183 0.261829 0.00120048
0.282051 0.281069 0.00430099
0.283292 0.286169 -0.0119376
0.281752 0.279952 -0.000638864
0.29748 0.289034 0.0121777
0.309418 0.309163 6.06849e-05
0.331777 0.324814 0.0145483
0.318838 0.320328 0.00135903
0.326065 0.32932 0.0112281
0.355258 0.352402 0.0249126
0.381426 0.375015 0.032819
0.353077 0.353121 0.00610233
0.354121 0.356925 -0.0161459
0.374819 0.379692 0.00390978
0.379215 0.37448 -0.0167706
0.391418 0.393512 0.00653163
0.391886 0.390565 -0.00830436
0.409765 0.411161 0.00110856
0.429309 0.421842 0.0124866
0.411124 0.422941 -0.0264879
0.41547 0.42672 -0.0185215
0.423359 0.436465 -0.0386621
0.453038 0.454117 -0.00225047
0.471813 0.470332 0.00116749
0.492813 0.495332 0.0165403
0.499845 0.489508 0.0292969
0.501199 0.504039 -0.0121143
0.509538 0.513663 -0.000970936
0.513573 0.51994 -0.00113942
0.531033 0.529546 0.00346774
0.539727 0.538954 0.00796225
0.545316 0.549645 -0.00321285
0.572579 0.567625 0.0252568
0.563532 0.57151 -0.0220211
0.580327 0.572423 0.00962022
0.580877 0.580618 -0.0166086
0.61216 0.601289 0.0207482
0.597177 0.599301 -0.0157831
0.606348 0.611691 0.00392548
0.639081 0.636895 -0.00252459
0.642693 0.629921 0.0100517
0.658484 0.652127 0.0212069
0.669916 0.659981 0.00200699
0.684758 0.681077 0.0192365
0.671242 0.676304 -0.0195916
0.706951 0.701824 0.0124479
0.716663 0.713359 -0.00824404
0.739683 0.735792 0.0136688
0.730352 0.726895 0.00121809
0.757439 0.749441 0.0228828
0.763484 0.764178 -0.0157006
0.757262 0.761594 -0.0181323
0.783817 0.788447 -0.0119323
0.804156 0.809004 0.0081586
0.821701 0.80831 0.0441802
0.826086 0.824976 0.00446806
0.837272 0.835054 -0.0048547
0.851993 0.855107 -0.00888727
0.874518 0.86204 0.0294958
0.875423 0.875223 0.00372777
0.897564 0.904462 -0.0102895
0.888069 0.891179 -0.0295492
0.929981 0.928028 0.0167426
0.936837 0.930884 0.0071389
0.941871 0.947292 -0.0182531
0.95299 0.952281 -0.0166032
0.965365 0.967518 -0.021541
0.982299 0.989439 -0.0122632
1.00296 0.997798 0.0239311
1.01723 1.00886 0.00492704
1.02484 1.02552 0.00746922
1.03289 1.03655 -0.00750573
1.04785 1.05328 -0.00531727
1.07598 1.07618 -0.00639615
1.07241 1.08159 -0.0329061
1.09274 1.09617 -0.0239173
1.10127 1.11042 -0.0188313
1.13289 1.13235 0.00286367
1.14225 1.14919 0.00256373
1.15698 1.16341 -0.000809241
1.18911 1.18668 0.0205649
1.19369 1.18816 -0.00620391
1.20112 1.20184 0.00226991
1.23541 1.22613 0.0111392
1.24334 1.25041 0.00120865
1.25269 1.25826 -0.0089368
1.26578 1.2748 -0.0100414
1.2866 1.29407 -0.00706217
1.30489 1.30057 0.0091955
1.31891 1.3257 -0.00840207
1.33389 1.33205 -0.0029537
1.37443 1.36232 0.0265815
1.37805 1.36177 0.0374318
1.36829 1.37546 -0.0283098
1.39857 1.40552 -0.00645932
1.43131 1.42735 0.0237041
1.43776 1.43635 0.0100596
1.46355 1.46274 0.00519475
1.45329 1.45806 -0.0257243
1.4689 1.47109 -0.0237429
1.50719 1.51358 -0.00557488
1.51449 1.51403 -0.0101003
1.54525 1.54891 -0.00336113
1.56211 1.56472 -0.0150013
1.59158 1.58536 0.0203552
1.59272 1.59512 -0.00363619
1.62624 1.61735 0.0248454
1.62105 1.62948 -0.0194991
1.6506 1.64054 -0.00275853
1.6524 1.65499 -0.0159565
1.67771 1.67953 -0.00100434
1.69872 1.7022 -0.0116844
1.70868 1.71233 -0.0152861
1.73769 1.74843 -0.00543256
1.75582 1.75062 -0.00447422
1.76837 1.78213 -0.0254541
1.79401 1.79735 -0.00227292
1.82663 1.82465 0.0019149
1.84098 1.84479 -0.00771979
1.84439 1.84705 -0.0135715
1.87517 1.86615 -0.0113423
1.89568 1.89593 0.0216992
1.9107 1.90629 -0.00976121
1.91707 1.92177 -0.020166
1.94635 1.94464 -0.0104005
1.97065 1.97526 0.0022602
1.9976 1.99157 -0.0151251
1.98746 1.99469 -0.0317649
2.03075 2.03381 0.0043464
2.04326 2.04745 -0.0138012
2.07198 2.06845 0.00605967
2.08163 2.08736 -0.000473193
2.10179 2.1056 0.00623715
2.13859 2.1463 -0.0055018
2.15473 2.14777 -0.00879097
2.17428 2.16607 0.0229733
2.19185 2.1874 0.0089383
2.21283 2.20921 0.0110156
2.2465 2.23659 0.00848714
2.26802 2.26962 0.0289308
2.27977 2.28206 0.00799543
2.31449 2.30473 0.0117083
2.31819 2.31217 -0.00116818
2.34418 2.3413 0.0153863
2.36854 2.35758 0.0218632
2.36224 2.37556 -0.0225264
2.40881 2.40457 -0.000632535
2.4301 2.43448 0.00363444
2.45467 2.45655 0.0131338
2.47046 2.46316 -0.0224336
2.49828 2.49968 -0.0021949
2.53207 2.52679 0.0212949
2.52894 2.53078 -0.0140529
2.56206 2.55804 -0.0147894
2.61101 2.60928 0.0276353
2.6127 2.60277 0.00716124
2.62751 2.63167 -0.00133405
2.63442 2.64042 -0.0234717
2.67889 2.67176 -0.00628931
2.69324 2.69981 0.00590641
2.72878 2.72925 0.0103824
2.74665 2.73541 0.00230948
2.78542 2.77049 0.0221401
2.79145 2.78447 -0.00456938
2.82586 2.83418 -0.0125259
2.84971 2.84726 0.00675115
2.88622 2.88285 0.0311587
2.8889 2.88382 0.00399329
2.91397 2.92496 -0.00979065
2.96277 2.95098 0.0302012
2.96255 2.95862 -0.00405875
2.98336 2.97509 0.00390075
3.01183 3.01286 -0.00614053
3.04255 3.04142 0.00704996
3.08 3.0748 0.0238162
3.085 3.08979 -0.00449292
3.12078 3.12264 0.0104684
3.12084 3.13259 -0.032789
3.15747 3.15585 -0.0222317
3.18572 3.17661 0.00826378
3.21143 3.21012 -0.00988131
3.24551 3.24717 0.012078
3.27085 3.26734 0.0110798
3.28546 3.28157 0.00265471
3.3041 3.30589 -0.0216866
3.34254 3.32912 0.0434134
3.36458 3.37724 -0.00720018
3.37541 3.3883 -0.0305232
3.40207 3.41426 -0.0112167
3.43954 3.44253 0.017198
3.4662 3.47002 -0.000156581
3.48448 3.49229 0.0228944
3.51699 3.51178 0.015239
3.5288 3.52168 0.00731518
3.55676 3.55266 0.0102839
3.57019 3.57552 -0.00483787
3.60703 3.61228 -0.0115351
3.63861 3.64066 0.00636816
3.66237 3.65697 -0.00144606
3.68622 3.68624 0.00177565
3.71701 3.72269 0.00702629
3.73351 3.73443 0.0013494
3.76008 3.76027 0.0107437
3.79034 3.79316 0.00482119
3.80724 3.80165 -0.00564751
3.813 3.82021 -0.0262973
3.85287 3.85732 -0.0135666
3.89589 3.89587 0.022432
3.92714 3.91583 0.0330014
3.94765 3.94992 -0.00482625
3.96186 3.95604 0.0152377
3.97575 3.98019 -0.00291093
4.009 4.00839 -0.00461632
4.05513 4.04978 0.0143806
4.06117 4.05959 -0.000956785
4.08014 4.09571 0.00217658
4.09098 4.10003 -0.024428
4.13793 4.15372 -0.000598257
4.17954 4.17219 0.0270814
4.17515 4.19229 -0.0141821
4.2168 4.21237 0.011459
4.2274 4.22745 -0.0117651
4.2609 4.2668 -0.00108751
4.2816 4.2753 0.0144903
4.32749 4.33159 0.0121853
4.34838 4.34362 0.000785677
4.35454 4.36015 0.0078398
4.37219 4.38108 -0.0133793
4.41304 4.41462 0.0146823
4.43445 4.43757 -0.00309959
4.45812 4.45924 0.000254604
4.47839 4.48922 0.00537347
4.51025 4.50635 0.00905983
4.54193 4.53758 0.017193
4.57104 4.57133 0.0164277
4.60209 4.58901 0.0558064
4.60224 4.59847 -0.0176598
4.63144 4.63192 0.00090906
4.67142 4.66508 0.00366577
4.67911 4.69011 -0.00189255
4.70671 4.71137 -0.00547082
4.72986 4.7326 -0.0166543
4.75151 4.74341 -0.0110782
4.7743 4.77636 -0.00705384
4.8 4.79817 -0.00370937
4.84882 4.84367 0.0220233
4.86853 4.87819 0.0170459
4.88532 4.883 0.00507458
4.8992 4.90446 -0.0148759
4.92436 4.92863 -0.00738108
4.96799 4.96875 0.0313618
4.98395 4.99042 -0.0249267
5.01288 5.01569 0.0146657
5.02085 5.01806 -0.00494815
5.05436 5.06027 -0.00481356
5.07198 5.07911 -0.0212774
5.11476 5.10873 0.0222579
5.15486 5.15445 0.0106249
5.15317 5.16288 -0.0125405
5.20387 5.20659 0.0275714
5.22317 5.21396 0.044841
5.22897 5.24145 -0.00518332
5.27467 5.28272 0.00327146
5.28219 5.27703 0.0117172
5.31742 5.31617 0.0168459
5.34354 5.34061 0.0177169
5.36503 5.36801 -0.000899461
5.37188 5.37509 -0.00422882
5.42044 5.42067 0.0129542
5.44295 5.43805 0.00885958
5.4476 5.45009 -0.00592506
5.49524 5.49401 0.0128982
5.50116 5.50697 0.00632731
5.53032 5.53522 -0.00222005
5.55331 5.55004 -0.0043234
5.57798 5.57491 0.00859243
5.63365 5.62135 0.0500854
5.64474 5.64352 0.0233888
5.66453 5.65604 0.0272496
5.69613 5.69348 0.0117369
5.71836 5.71824 0.00453294
5.73929 5.73252 0.0144728
5.77013 5.77762 0.00561399
5.77064 5.76983 -0.0150945
5.80643 5.80364 0.013837
5.84237 5.83888 0.00329875
5.86178 5.86822 -0.00669554
5.89054 5.88568 0.0118186
5.91791 5.92043 0.00478702
5.94577 5.94197 0.0150559
5.96012 5.95823 0.0164164
5.99655 5.99985 -0.00780815
6.01785 6.0175 0.0118548
6.05244 6.04908 0.0209701
6.07076 6.07097 0.0282702
6.07869 6.08203 0.0183757
6.1326 6.13063 0.0336887
6.13821 6.14271 -0.00844567
6.16641 6.16113 0.0200132
6.19144 6.18918 0.0225485
6.21392 6.208 -0.00386799
6.23384 6.23242 0.0138878
6.26001 6.26732 -0.0101932
6.29129 6.2855 0.0289433
6.32241 6.31448 0.0214435
6.32886 6.33522 -0.00474797
6.35584 6.35335 0.0209365
6.39821 6.39023 0.0212607
6.41885 6.41489 0.0199332
6.43117 6.4444 -0.00555665
6.46137 6.47253 0.00141556
6.50113 6.49971 0.0447052
6.50531 6.51048 -0.00205513
6.54246 6.54969 0.00583682
6.55439 6.55964 0.00179612
6.59067 6.58921 0.0193333
6.6217 6.62553 0.0162071
6.65276 6.64681 0.0479487
6.67551 6.6655 0.0419314
6.67232 6.66834 0.00255674
6.70969 6.70992 0.0099108
6.76055 6.75186 0.0483616
6.76982 6.76373 0.0192894
6.80056 6.79203 0.00955809
6.82134 6.81486 0.00868615
6.85428 6.83918 0.0401587
6.87229 6.86682 0.0303329
6.89954 6.89135 0.0219821
6.90555 6.90849 -0.016393
6.9381 6.93896 0.0093508
6.95439 6.95923 0.0134004
6.9984 6.99459 0.0261765
7.01727 7.01836 0.022367
7.03401 7.02456 -0.000311352
7.04902 7.05912 -0.00508348
7.09075 7.09058 0.00933335
7.10933 7.10349 0.00889284
7.15782 7.15119 0.0290834
7.18113 7.16872 0.0446234
7.1903 7.19122 -0.00264151
7.21127 7.21637 0.0194651
7.23715 7.23768 0.0185412
7.28124 7.2722 0.0232576
7.28629 7.28762 0.00047161
7.31889 7.31901 0.0141545
7.33583 7.33493 -0.00954671
7.35557 7.3511 0.0168078
7.37804 7.38509 -0.00498059
7.41142 7.41615 0.00505614
7.42456 7.44393 -0.0187886
7.47286 7.46846 0.0340015
7.48938 7.48462 0.0244844
7.50507 7.51209 0.00434535
7.55906 7.5563 0.0463467
7.54641 7.55252 -0.0122031
7.57117 7.56772 0.00355731
7.60585 7.60641 0.00314114
7.64081 7.63984 0.00143324
7.66063 7.6656 -0.00917857
7.67636 7.68087 -0.0204245
7.7106 7.70501 0.0314806
7.74757 7.73305 0.0407471
7.7686 7.77089 0.0106709
7.78309 7.79015 -0.00650357
7.80677 7.80247 0.00452069
7.8586 7.85553 0.0233782
7.85507 7.86618 -0.0211972
7.88227 7.88555 -0.000957031
7.92532 7.91616 0.0310507
7.9302 7.94016 -0.00797104
7.96638 7.96371 0.0269969
7.98485 7.98275 -0.00565287
8.00439 8.00223 -0.0145788
8.04723 8.0533 0.0263357
8.03652 8.0509 -0.0477883
8.09833 8.08814 0.0311164
8.09805 8.09256 0.00327401
8.14221 8.14547 0.0142663
8.1608 8.16671 0.00108625
8.19526 8.19925 0.0130039
8.21343 8.20923 0.020714
8.2339 8.24374 0.00656775
8.25034 8.25419 -0.0131341
8.28342 8.28313 0.00591678
8.31353 8.3137 0.00905525
8.32985 8.3331 -0.00677542
8.35352 8.35405 -0.0166825
8.39354 8.39603 0.00657758
8.41857 8.40189 0.0284998
8.45247 8.4423 0.0227006
8.47388 8.46746 0.0430404
8.45704 8.47772 -0.0347536
8.51101 8.51703 0.00116264
8.53179 8.54056 -0.0237121
8.55961 8.5699 0.0051774
8.58832 8.58102 0.0116644
8.6236 8.61812 0.0116372
8.62357 8.62662 -0.0101276
8.65659 8.65883 0.00563798
8.68508 8.69266 0.010436
8.72886 8.72199 0.0419468
8.75326 8.74344 0.0317067
8.76633 8.76229 0.0250874
8.79058 8.78276 0.0174718
8.81687 8.81585 0.00852599
8.83592 8.84123 0.00972055
8.86112 8.8563 0.000779341
8.88091 8.88066 0.014498
8.91864 8.91954 0.0120743
8.92593 8.93245 0.005142
8.96089 8.95483 0.00918381
8.99008 8.9921 0.0118941
9.01992 9.0181 0.023177
9.03628 9.03055 0.024108
9.05854 9.06725 -0.00689987
9.08674 9.08229 0.0219114
9.12801 9.12583 0.0308499
9.13182 9.13009 -0.00230508
9.15607 9.16515 0.0164923
9.19404 9.19393 0.0131989
9.21547 9.21019 0.00905853
9.2443 9.23707 0.0284448
9.26546 9.27355 0.00669728
9.28401 9.29015 0.011675
9.30754 9.30964 0.00588416
9.33471 9.33544 0.0124408
9.35812 9.35989 0.00334965
9.37936 9.38173 0.0127893
9.41637 9.41058 0.0253767
9.43444 9.44442 -0.0105601
9.46043 9.46827 0.00561801
9.48895 9.48751 0.0296635
9.5051 9.51892 0.00228819
9.53492 9.533 0.0140084
9.56249 9.57894 -0.00468373
9.59202 9.59212 0.0244612
9.61087 9.61878 0.013398
9.64034 9.64175 0.0158399
9.67647 9.67524 0.0149578
9.67599 9.68552 -0.00517952
9.72333 9.71012 0.0201315
9.72402 9.73339 -0.0185184
9.75833 9.75949 0.00934446
9.78508 9.77938 -0.00590345
9.80938 9.81489 0.00358378
9.83547 9.84573 0.00303239
9.8614 9.85233 0.0200303
9.87028 9.8743 0.00561598
9.89149 9.88921 -0.00818646
9.94254 9.93532 0.0336925
9.96089 9.9624 0.0254952
9.99337 9.99156 0.0385345
10.023 10.0224 0.0242512
10.0416 10.0474 0.0257235
10.0769 10.0701 0.0445844
10.1011 10.0858 0.0380021
10.1128 10.1209 0.0192403
10.146 10.142 0.0208864
10.153 10.1521 -0.0025972
10.1841 10.1826 0.0185988
10.2248 10.2164 0.0202862
10.2315 10.2288 0.000394896
10.2603 10.2612 0.00466752
10.2781 10.276 0.00257714
10.3082 10.313 0.020186
10.3296 10.3306 0.00645622
10.3725 10.3742 0.0129217
10.3862 10.3941 0.0165897
10.4024 10.4125 -0.00473867
10.429 10.4306 0.0116285
10.472 10.4657 0.0329736
10.4866 10.4859 -0.00261838
10.5053 10.5053 0.0191411
10.5264 10.5248 0.00548818
10.557 10.5619 0.00138397
10.587 10.5889 0.0216697
10.6251 10.6297 0.02109
10.6466 10.6371 0.0236412
10.6458 10.6559 -0.00986974
10.6724 10.6805 -0.00744843
10.7112 10.7036 0.0313387
10.7477 10.7403 0.0082979
10.7635 10.7531 0.024469
10.7671 10.7749 -0.019753
10.8176 10.8268 0.0176942
10.8375 10.8347 0.0345238
10.8589 10.8642 0.000825146
10.8825 10.8737 0.0195757
10.9252 10.925 0.0437061
10.9356 10.9407 0.0129443
10.9617 10.9674 0.0121314
10.9722 10.98 0.000252218
11.0285 11.0254 0.022246
11.0256 11.0317 -0.00591968
11.0435 11.0545 -0.0159442
11.0849 11.09 0.0369405
11.1016 11.112 -0.0114159
11.1356 11.1479 0.00599554
11.1468 11.1545 0.00281768
11.2037 11.2055 0.0454412
11.2214 11.2194 0.0160674
11.2372 11.2365 0.0192373
11.2705 11.2686 0.0371039
11.2961 11.2925 0.0125783
11.3036 11.2972 0.0402028
11.3385 11.3261 0.0392005
11.3602 11.3563 0.00104553
11.3847 11.3947 -0.00337783
11.3996 11.403 -0.0135766
11.4329 11.4291 -0.00103343
11.4559 11.4552 0.0178899
11.4899 11.501 0.0107491
11.486 11.4871 -0.0058465
11.5282 11.5259 0.0203964
11.5635 11.5587 0.017223
11.5828 11.5858 0.0239083
11.6196 11.6213 0.0144787
11.6284 11.6288 0.0175455
11.66 11.6565 -0.00122958
11.6862 11.6856 0.0215173
11.712 11.7062 0.0217811
11.7278 11.7232 0.00137937
11.7583 11.7588 0.00955769
11.7904 11.7893 0.0298828
11.8042 11.7978 0.0267977
11.8389 11.847 -0.00298184
11.8593 11.8637 0.00304428
11.8794 11.8909 -0.0186655
11.9242 11.9158 0.0203285
11.9279 11.9325 0.0165201
11.947 11.9497 0.00579469
11.9834 11.9815 0.00308437
12.0034 12.003 0.0213964
12.0265 12.0324 0.0175316
12.0638 12.0639 0.00717634
12.0828 12.088 0.00802402
12.1072 12.1179 0.0107056
12.1419 12.1403 0.0274361
12.1546 12.1604 0.00605043
12.1808 12.1788 0.00501879
12.2114 12.1994 0.042957
12.2497 12.2455 0.0532644
12.2473 12.2581 -0.00226365
12.281 12.2774 0.0140952
12.3104 12.3086 0.0169902
12.3321 12.333 0.00635486
12.3566 12.3534 0.0232009
12.3896 12.3897 0.0197558
12.4039 12.4117 0.00339654
12.4426 12.4355 0.0243776
12.4784 12.4758 0.04454
12.4959 12.4937 0.0513546
12.5113 12.5093 0.0202787
12.5361 12.5375 0.0109659
12.5648 12.5629 0.00171892
12.5839 12.5891 0.00890834
12.5953 12.5995 -0.013226
12.6554 12.649 0.0330008
12.6589 12.6599 0.0232624
12.7078 12.6978 0.0520297
12.7278 12.7355 0.0462159
12.7218 12.7306 0.00894882
12.7809 12.7715 0.0325637
12.7961 12.7985 0.0420376
12.8178 12.8224 0.0244816
12.8376 12.8349 0.0279861
12.8459 12.8507 0.000176467
12.8963 12.8895 0.0357033
12.9058 12.9073 -0.0151286
12.924 12.929 0.0226634
12.9761 12.9716 0.0329228
12.9991 12.9918 0.0299989
13.0307 13.0224 0.0453346
13.0343 13.0316 0.0197747
13.0764 13.0775 0.0119492
13.1021 13.105 0.044896
13.106 13.1111 0.0235322
13.1198 13.1196 0.00319851
13.1694 13.1658 0.0204408
13.1781 13.1804 0.00897369
13.2232 13.2257 0.0403009
13.2414 13.2434 0.0207009
13.2732 13.2684 0.041272
13.288 13.2834 0.0169505
13.3181 13.3065 0.0231511
13.3422 13.3437 -0.0033561
13.3587 13.3505 0.0338815
13.3858 13.3864 0.031455
13.4095 13.405 0.030379
13.4217 13.4346 -0.0278155
13.4394 13.4474 -0.0148366
13.4881 13.4828 0.0298144
13.5107 13.5113 0.0177844
13.5397 13.5376 0.00959094
13.5733 13.573 0.0363655
13.5771 13.5851 -0.00373635
13.6279 13.6157 0.059935
13.6376 13.6372 0.0147319
13.6721 13.6656 0.0158107
13.7085 13.7047 0.0413983
13.6985 13.7093 0.00833825
13.7383 13.7364 0.0185511
13.746 13.7417 0.00510711
13.7809 13.7845 0.0107715
13.8134 13.8236 0.0232898
13.8433 13.8414 0.031701
13.8716 13.877 0.022643
13.8928 13.8871 0.0293586
13.9156 13.9171 0.028533
13.935 13.9333 0.023377
13.9657 13.9687 0.0295322
13.9724 13.9826 0.00489231
14.0008 13.9972 0.0149319
14.0334 14.0332 0.0159995
14.0496 14.0528 0.018486
14.0857 14.095 0.0331939
14.1042 14.1104 0.00293258
14.1373 14.1403 0.0263259
14.1708 14.1708 0.0346226
14.194 14.1971 0.0218054
14.2126 14.2091 0.0370375
14.2279 14.2301 0.0117885
14.2697 14.2567 0.0590422
14.2952 14.2825 0.0425562
14.3094 14.3136 0.0329021
14.3374 14.3399 0.0137786
14.3691 14.3653 0.0295031
14.3732 14.3716 0.0338468
14.4135 14.4026 0.0340544
14.4394 14.44 0.0226899
14.4555 14.454 0.0320092
14.4938 14.4872 0.0324803
14.526 14.5272 0.0460093
14.534 14.5443 0.0192644
14.548 14.5624 -0.000725404
14.5663 14.5745 -0.00739677
14.6165 14.6221 0.0465467
14.6476 14.647 0.0426613
14.6545 14.6601 0.0236217
14.6747 14.6802 -0.00293337
14.7169 14.7101 0.0376788
14.7228 14.7233 -0.00837124
14.7654 14.7583 0.0248161
14.7893 14.7956 0.0267669
14.8083 14.8074 0.0292017
14.8417 14.8288 0.0443088
14.876 14.8706 0.0360928
14.895 14.8902 0.0380837
14.918 14.9193 0.00424137
14.9198 14.9257 -0.00710128
14.955 14.9564 0.0327741
14.9897 14.985 0.0401874
15.0024 15.014 0.0151118
15.0515 15.0461 0.036895
15.0899 15.0785 0.060798
15.088 15.0893 0.00655944
15.1229 15.1169 0.0318198
15.1499 15.1442 0.0442335
15.184 15.1717 0.0460531
15.1942 15.1891 0.0257981
15.2221 15.2133 0.0441612
15.2291 15.222 0.011818
15.255 15.2648 0.00999293
15.2737 15.2795 -0.003535
15.3183 15.3139 0.0321744
15.332 15.3267 0.0308428
15.3633 15.3553 0.0384703
15.3875 15.3934 0.00804354
15.3963 15.4051 0.0125277
15.4305 15.424 0.0408182
15.4485 15.4503 0.00123614
15.4843 15.4836 0.0415541
15.4896 15.4997 -0.00124853
15.549 15.5326 0.0532263
15.5736 15.5687 0.049984
15.5784 15.5854 0.0199229
15.6054 15.6136 0.0188774
15.6439 15.6401 0.0311023
15.6538 15.6634 -0.00404862
15.675 15.6746 0.0258645
15.6921 15.7006 0.00551095
15.7375 15.7313 0.0465821
15.7671 15.7711 0.0297881
15.7925 15.7889 0.0299595
15.8139 15.8123 0.0364933
15.8359 15.8363 0.00776907
15.8765 15.8752 0.0526022
15.8968 15.8845 0.057255
15.8993 15.9084 0.0310167
15.9252 15.931 0.0148627
15.9819 15.9825 0.0427121
15.9915 15.9833 0.0455912
16.0028 16.0033 0.0249995
16.0331 16.0504 0.00320212
16.0691 16.0692 0.0425931
16.0972 16.0953 0.0579926
16.1225 16.1194 0.0390465
16.135 16.1291 0.0353449
16.1396 16.146 0.0022298
16.192 16.1928 0.0279555
16.2278 16.2229 0.0522623
16.2462 16.245 0.0244081
16.2552 16.2602 0.00855603
16.2801 16.2793 0.0429702
16.3129 16.3099 0.0179384
16.3367 16.3336 0.0368752
16.3577 16.3627 0.0292751
16.3787 16.3856 0.0280157
16.4054 16.4117 0.0124784
16.4334 16.4441 0.0303343
16.4528 16.4517 0.0164292
16.4948 16.4981 0.0457081
16.5227 16.5152 0.0385515
16.5268 16.5265 0.0201474
16.561 16.5675 0.0229998
16.5843 16.5866 0.0193158
16.6105 16.6066 0.0201081
16.6431 16.6433 0.0297051
16.6628 16.6602 0.0409158
16.6672 16.6803 0.00824748
16.7125 16.7139 0.0351772
16.737 16.7403 0.00152489
16.7728 16.763 0.0569864
16.7642 16.7665 0.0128261
16.8162 16.814 0.0298069
16.8325 16.8281 0.0286333
16.8747 16.8676 0.0498905
16.8923 16.8887 0.0416469
16.8993 16.9008 0.0224336
16.9458 16.9416 0.048393
16.963 16.9662 0.0202033
16.9832 16.9777 0.0346145
17.0093 17.004 0.018169
17.0489 17.0364 0.0613267
17.0654 17.0662 0.0417563
17.0853 17.0823 0.0387642
17.1115 17.1002 0.0325798
17.1317 17.1336 0.0341012
17.1579 17.1623 0.0444334
17.197 17.1933 0.0501383
17.2154 17.2142 0.0503191
17.2425 17.2368 0.0305855
17.266 17.2635 0.0474899
17.2782 17.2789 0.0100087
17.2869 17.2969 -0.00301259
17.3337 17.3358 0.0396387
17.3527 17.3453 0.0192724
17.381 17.3873 0.0324673
17.4168 17.415 0.0331949
17.4378 17.4317 0.036678
17.4589 17.4576 0.0316786
17.4878 17.4855 0.0263625
17.5074 17.5122 0.0383412
17.5331 17.5323 0.0406478
17.5618 17.5594 0.0356372
17.591 17.5852 0.0334634
17.6106 17.6076 0.0162467
17.635 17.6359 0.0150606
17.6778 17.6614 0.0710238
17.7032 17.6907 0.060983
17.7169 17.719 0.0408777
17.7455 17.7355 0.052703
17.756 17.7607 0.0428599
17.791 17.7923 0.0542845
17.8328 17.8168 0.0819134
17.8332 17.8435 0.028452
17.8657 17.8582 0.0454562
17.8969 17.8879 0.0489907
17.9221 17.9292 0.0184311
17.9333 17.9299 0.0205885
17.9622 17.9645 0.0421125
17.9861 17.9811 0.0374491
18.0082 18.0092 0.0192623
18.0306 18.0336 0.0460146
18.0493 18.0477 0.0185487
18.0843 18.0805 0.0265928
18.1301 18.1149 0.0687841
18.1348 18.1301 0.0474337
18.151 18.1483 0.0469568
18.1769 18.185 0.0336864
18.2082 18.2111 0.0221372
18.2375 18.2382 0.034475
18.2712 18.2609 0.0684352
18.2958 18.2921 0.0457613
18.3157 18.3137 0.0625842
18.341 18.335 0.029168
18.3763 18.3768 0.0537805
18.3913 18.3918 0.0538649
18.4249 18.4234 0.0608239
18.4234 18.425 0.0202256
18.4519 18.4577 0.0236371
18.4849 18.4851 0.0491541
18.5163 18.5189 0.0233361
18.5388 18.5471 0.0195351
18.5531 18.5495 0.0357307
18.586 18.5893 0.0114276
18.6239 18.6197 0.0586764
18.6343 18.6327 0.0335693
18.6806 18.6791 0.0493602
18.6992 18.6946 0.0525468
18.7024 18.7067 0.00953458
18.7379 18.7374 0.0430492
18.7609 18.7574 0.0324623
18.7998 18.7874 0.0709542
18.8119 18.8141 0.0230695
18.8386 18.8299 0.0536373
18.8751 18.87 0.0427836
18.8951 18.8897 0.030746
18.9091 18.9121 0.0415796
18.9189 18.9211 -0.00505366
18.9573 18.9638 0.0158687
18.9929 18.9859 0.0466526
19.0183 19.018 0.0454346
19.0297 19.0368 0.0215521
19.0752 19.0701 0.0544025
19.1002 19.0973 0.0372753
19.0949 19.099 0.018563
19.1493 19.1374 0.061869
19.1594 19.1626 0.0391815
19.1922 19.1871 0.0407729
19.2108 19.2125 0.0462061
19.2344 19.2352 0.0521642
19.2565 19.2496 0.0533049
19.3012 19.2912 0.047226
19.3122 19.3187 0.0274325
19.3305 19.3262 0.0390883
19.3578 19.3605 0.0399668
19.378 19.3824 0.0405358
19.4184 19.4208 0.0472451
19.443 19.4534 0.0221806
19.462 19.4611 0.0529583
19.4949 19.4887 0.0472305
19.528 19.5267 0.045968
19.5361 19.5392 0.0326457
19.5684 19.5708 0.0406725
19.5956 19.5952 0.0532788
19.605 19.6151 0.0287846
19.6432 19.6412 0.0520032
19.6568 19.6603 0.0537324
19.6888 19.675 0.0437643
19.7159 19.7093 0.0547827
19.7387 19.7432 0.0262228
19.7603 19.7544 0.0425906
19.7795 19.7776 0.0141711
19.8069 19.8084 0.0283334
19.8482 19.85 0.034947
19.8748 19.8725 0.0678398
19.903 19.9023 0.0559828
19.91 19.9109 0.0386468
19.9418 19.944 0.0357941
19.9621 19.9576 0.0510537
19.9736 19.9842 0.0395484
20.0292 20.0176 0.0675014
20.0387 20.0389 0.0500159
20.0749 20.0719 0.0502915
20.1027 20.0969 0.0549478
20.118 20.1248 0.0167935
20.1421 20.1367 0.063107
20.1627 20.1634 0.0490856
20.1933 20.1891 0.052458
20.2038 20.2139 0.012509
20.2326 20.2361 0.0454214
20.2645 20.2671 0.0274802
20.2855 20.279 0.0475464
20.301 20.3094 0.0359472
20.3481 20.3431 0.0540229
20.3555 20.36 0.0443313
20.3895 20.3898 0.024715
20.4353 20.4338 0.0768683
20.4407 20.4425 0.0394403
20.4516 20.4631 0.0193823
20.4855 20.4891 0.0401191
20.5111 20.5221 0.0310756
20.5446 20.5428 0.0582436
20.5694 20.5707 0.0474904
20.5877 20.5842 0.0276698
20.6138 20.6152 0.0508929
20.6499 20.6472 0.0528587
20.6689 20.6643 0.0546486
20.691 20.686 0.0430065
20.72 20.7222 0.0477411
20.7451 20.7365 0.0589707
20.7801 20.7731 0.0777064
20.8109 20.7975 0.08531
20.8001 20.8032 0.0254287
20.8554 20.8488 0.0653138
20.8823 20.8661 0.0918983
20.886 20.8893 0.0310672
20.9053 20.9051 0.0457535
20.9341 20.937 0.0499883
20.9542 20.9596 0.0407274
20.9846 20.9873 0.0389616
21.0059 21.0112 0.0335888
21.0353 21.0327 0.0370215
21.0687 21.0661 0.0629377
21.0775 21.0874 0.0372175
21.1087 21.1165 0.0319868
21.1396 21.1367 0.044525
21.1502 21.156 0.0338332
21.1967 21.1812 0.0732001
21.217 21.2167 0.0549813
21.244 21.2343 0.0617637
21.2712 21.2676 0.0746141
21.2816 21.2841 0.0550229
21.3136 21.3142 0.0354013
21.3443 21.3388 0.0603982
21.3569 21.3599 0.0372825
21.3888 21.3879 0.0524427
21.401 21.4097 0.0241439
21.4503 21.4464 0.0853694
21.4672 21.4608 0.0659212
21.4934 21.4946 0.0382473
21.534 21.5261 0.0786583
21.5315 21.5303 0.0550027
21.5635 21.5664 0.0505717
21.5736 21.5827 0.00878795
21.6111 21.6167 0.0419784
21.6388 21.631 0.0658121
21.6602 21.665 0.0428827
21.6903 21.6842 0.0547523
21.7095 21.715 0.0471126
21.7276 21.7357 0.0347391
21.7537 21.7586 0.0488932
21.7887 21.7826 0.050828
21.8031 21.8011 0.0562435
21.8336 21.8399 0.0255224
21.8587 21.8562 0.0509558
21.8803 21.8896 0.0277821
21.9221 21.9285 0.0527939
21.9492 21.9505 0.0802421
21.9843 21.9756 0.0782956
21.9893 21.9931 0.0341717
22.0085 22.0071 0.0318077
22.0416 22.0429 0.0655194
22.0757 22.0609 0.0689294
22.0954 22.0936 0.0574302
22.106 22.1158 0.0392833
22.1229 22.1217 0.0347819
22.1622 22.1629 0.0592913
22.1703 22.1817 0.0319631
22.208 22.2105 0.0614002
22.2413 22.2417 0.0730257
22.2556 22.2637 0.0444969
22.3011 22.2938 0.0679546
22.3091 22.3086 0.0527292
22.34 22.3452 0.0499749
22.3732 22.3677 0.0744809
22.3833 22.3834 0.045063
22.3972 22.3984 0.0438025
22.4208 22.4235 0.0235573
22.4494 22.4547 0.0404712
22.4912 22.4835 0.0687452
22.5131 22.5084 0.0497223
22.5323 22.533 0.0394476
22.5761 22.5693 0.067688
22.57 22.5744 0.0332052
22.6184 22.6232 0.0525415
22.6252 22.6254 0.0478883
22.6683 22.6603 0.0648715
22.6912 22.6966 0.0401478
22.7327 22.7241 0.0746032
22.7355 22.7386 0.0516916
22.7512 22.7532 0.029906
22.7763 22.7774 0.0503932
22.8171 22.8183 0.0503724
22.8411 22.8409 0.043922
22.8735 22.8722 0.0494759
22.8822 22.8746 0.0626981
22.9098 22.9113 0.0572912
22.9379 22.9376 0.0563855
22.9586 22.9601 0.0366307
22.9894 22.9852 0.0623674
22.9998 23.0036 0.0537012
23.0416 23.0378 0.0585851
23.0511 23.0635 0.0219197
23.0834 23.0775 0.0494069
23.1132 23.1179 0.0492176
23.1302 23.1202 0.0468847
23.1555 23.1564 0.0483538
23.1885 23.1961 0.0497083
23.2083 23.2148 0.056661
23.2322 23.2364 0.0318057
23.273 23.2719 0.056827
23.275 23.2768 0.0440107
23.3117 23.3126 0.0496159
23.3467 23.3414 0.0675828
23.3579 23.3504 0.0611456
23.3871 23.3854 0.0681872
23.4195 23.4226 0.0508277
23.4345 23.4342 0.0622092
23.4597 23.4603 0.0465204
23.4684 23.4736 0.0339153
23.5154 23.5122 0.0622826
23.5243 23.5319 0.0275462
23.5447 23.5463 0.0279964
23.5799 23.5864 0.0441136
23.6172 23.623 0.0556601
23.6374 23.6275 0.0507238
23.6746 23.6683 0.0571867
23.6849 23.6905 0.0549284
23.7069 23.7045 0.0623432
23.7508 23.7496 0.0812771
23.7704 23.773 0.0615557
23.7809 23.7835 0.0548075
23.8273 23.8235 0.0811668
23.8333 23.8353 0.0610264
23.8555 23.8638 0.0422471
23.8969 23.8964 0.0854705
23.9239 23.9231 0.0919883
23.9334 23.9325 0.0439271
23.9595 23.9515 0.0686723
23.9933 23.9925 0.0732091
24.0135 24.0176 0.0584738
24.0358 24.044 0.0448784
24.0576 24.0582 0.0502475
24.0928 24.0925 0.0685404
24.1071 24.1048 0.0567887
24.1344 24.134 0.0478962
24.1548 24.1531 0.0491273
24.1576 24.1659 0.0252097
24.2202 24.2163 0.0718783
24.2483 24.2375 0.0783787
24.2494 24.2445 0.0411093
24.2938 24.2848 0.0914692
24.3054 24.3051 0.0489088
24.3306 24.343 0.0532546
24.3641 24.3606 0.0598967
24.3878 24.388 0.0604535
24.4135 24.4059 0.0610161
24.4385 24.4386 0.0462729
24.4627 24.4674 0.0540879
24.4937 24.4938 0.077531
24.5196 24.5145 0.0598158
24.5418 24.545 0.0609152
24.5516 24.551 0.0571839
24.5767 24.5802 0.0444509
24.6121 24.6212 0.0445212
24.6274 24.6345 0.0579911
24.664 24.6577 0.0700697
24.6913 24.6916 0.0692825
24.7147 24.7158 0.0659663
24.7375 24.7404 0.0599219
24.7659 24.7637 0.0707754
24.7913 24.7839 0.0627061
24.8102 24.8102 0.0632394
24.8341 24.8333 0.0724279
24.8535 24.8551 0.0429545
24.9078 24.8988 0.0946465
24.9098 24.9058 0.0620965
24.9299 24.9255 0.0707473
24.974 24.9653 0.0679473
24.972 24.9904 0.0385889
25.0125 25.0141 0.0736023
25.0487 25.0394 0.0770542
25.0471 25.0589 0.0442747
25.092 25.0806 0.0668642
25.1115 25.1111 0.0534579
25.1547 25.1398 0.0878413
25.1764 25.1732 0.0889515
25.2046 25.1967 0.0748945
25.2064 25.2129 0.0552736
25.2244 25.2165 0.0528516
25.2452 25.2494 0.0467321
25.2944 25.2938 0.0826348
25.3062 25.305 0.0536234
25.337 25.3415 0.0674223
25.3668 25.3669 0.0567192
25.4075 25.3999 0.0980911
25.429 25.416 0.0915646
25.426 25.4336 0.0409003
25.47 25.4673 0.0895755
25.4824 25.4852 0.0558071
25.5116 25.5065 0.0624838
25.5445 25.5439 0.060739
25.5553 25.5621 0.0627204
25.5829 25.5866 0.0675712
25.6055 25.6071 0.0702266
25.625 25.6247 0.0584799
25.6592 25.6624 0.0560392
25.6794 25.6928 0.0452501
25.7211 25.713 0.06377
25.7471 25.7499 0.0649908
25.7455 25.7443 0.0570433
25.7992 25.8014 0.0885489
25.7928 25.8012 0.0394994
25.8429 25.8397 0.0858755
25.8596 25.8573 0.071203
25.8694 25.875 0.048265
25.9222 25.9186 0.0936318
25.9461 25.9476 0.0730075
25.9819 25.9765 0.111498
25.9772 25.9904 0.0741645
26.0127 26.0038 0.09513
26.0282 26.0317 0.0509104
26.0708 26.0703 0.0875669
26.091 26.0923 0.0542126
26.1115 26.109 0.0704849
26.1351 26.1403 0.0719085
26.1572 26.1547 0.0722838
26.177 26.188 0.0215034
26.2173 26.2163 0.0740145
26.2281 26.2281 0.0618584
26.2827 26.2723 0.106693
26.2925 26.2947 0.064731
26.3162 26.3096 0.0788428
26.3321 26.3363 0.0715189
26.3562 26.3586 0.067827
26.4065 26.3983 0.10951
26.4075 26.4146 0.0708227
26.4347 26.4295 0.0773838
26.469 26.4664 0.0821116
26.471 26.4763 0.0534233
26.5164 26.5137 0.0829183
26.5388 26.5462 0.0661226
26.5544 26.5535 0.0662035
26.5997 26.5987 0.104548
26.6247 26.617 0.0829943
26.6308 26.6277 0.0655475
26.6756 26.6634 0.10296
26.7004 26.6986 0.0877427
26.7219 26.722 0.0882697
26.7327 26.7319 0.0808502
26.7731 26.7737 0.0848679
26.7974 26.803 0.06245
26.8131 26.8162 0.083722
26.8339 26.8369 0.0535849
26.8701 26.8712 0.082748
26.8822 26.8806 0.0759562
26.9339 26.9255 0.0975713
26.9441 26.9397 0.0787072
26.9587 26.9646 0.0666287
26.9862 26.9801 0.0781308
27.0022 27.0144 0.0706821
27.0507 27.0515 0.084403
27.0529 27.0583 0.0604282
27.0818 27.0902 0.0600217
27.103 27.1001 0.0784908
27.1438 27.1487 0.0811993
27.1459 27.1481 0.0468646
27.1983 27.1897 0.106899
27.2013 27.2114 0.0650416
27.247 27.2437 0.0970867
27.2543 27.2608 0.0548045
27.294 27.2833 0.090105
27.3022 27.3037 0.0610811
27.3352 27.3369 0.07429
27.3462 27.3544 0.04642
27.3886 27.3869 0.0654593
27.4167 27.4192 0.0811109
27.4382 27.4302 0.103862
27.4748 27.4716 0.0904115
27.4906 27.4881 0.0886765
27.5144 27.5264 0.0824418
27.5353 27.5447 0.0668891
27.5581 27.5574 0.0636545
27.5979 27.5894 0.0753871
27.6286 27.6202 0.0955785
27.6373 27.6406 0.0763074
27.6569 27.6629 0.0652731
27.6967 27.6961 0.0876338
27.7099 27.7132 0.0762048
27.7361 27.7316 0.0631585
27.7585 27.7638 0.0593466
27.7874 27.7899 0.0686099
27.8167 27.8186 0.0775812
27.8508 27.8455 0.102296
27.8465 27.855 0.0578738
27.8891 27.8824 0.0906112
27.9116 27.9068 0.0822897
27.9348 27.9411 0.0791772
27.9657 27.9719 0.092858
27.9874 27.9993 0.0649454
28.0205 28.018 0.090012
28.0318 28.0378 0.0758346
28.0457 28.0561 0.047574
28.0711 28.0926 0.0319225
28.1089 28.1099 0.0699322
28.124 28.1265 0.0685929
28.1648 28.1628 0.0675332
28.1806 28.1795 0.0809813
28.1941 28.2017 0.0531978
28.2352 28.2394 0.0855733
28.243 28.2483 0.0636988
28.2811 28.2878 0.0630139
28.3034 28.3086 0.0776239
28.3181 28.3204 0.069729
28.3688 28.3709 0.0679283
28.3745 28.3718 0.0366145
28.4293 28.4271 0.086369
28.4347 28.4426 0.0828056
28.472 28.4719 0.0746608
28.4844 28.4853 0.080576
28.5177 28.5221 0.0893045
28.5334 28.5283 0.0782441
28.564 28.5622 0.0899631
28.5914 28.5949 0.0696505
28.6231 28.6191 0.104661
28.6481 28.6368 0.0925562
28.6555 28.6562 0.0787776
28.6926 28.6945 0.0768235
28.6996 28.7046 0.0702304
28.7389 28.7381 0.0780292
28.7523 28.76 0.0732511
28.7813 28.7939 0.0477394
28.7983 28.8072 0.0686719
28.835 28.8433 0.0645155
28.8807 28.8739 0.110985
28.8992 28.8919 0.0993288
28.9118 28.918 0.0850966
28.9496 28.9403 0.111767
28.9626 28.9657 0.0850447
28.9763 28.9835 0.0680209
29.0186 29.009 0.100406
29.0475 29.0329 0.106824
29.0495 29.0541 0.0716716
29.0866 29.0744 0.0681966
29.1161 29.1138 0.081913
29.1261 29.1355 0.0710233
29.169 29.161 0.10812
29.1929 29.1875 0.0851549
29.194 29.1951 0.0647043
29.2441 29.2434 0.0920565
29.2563 29.2551 0.0973462
29.292 29.2995 0.0792307
29.285 29.2996 0.0335804
29.3353 29.3265 0.0935068
29.3473 29.358 0.0492044
29.3832 29.3939 0.0770249
29.4026 29.4031 0.0639094
29.4352 29.4399 0.0705121
29.4606 29.4626 0.0801709
29.4903 29.4934 0.086292
29.5079 29.5108 0.0752528
29.5295 29.5244 0.0844044
29.566 29.5653 0.110773
29.588 29.5846 0.0927245
29.5994 29.6055 0.0606105
29.6344 29.6453 0.067241
29.653 29.6574 0.0521432
29.6745 29.6778 0.0664434
29.7063 29.71 0.0616581
29.7451 29.7399 0.0969502
29.7445 29.7531 0.0715347
29.7868 29.7875 0.0818929
29.8101 29.8185 0.0820094
29.8534 29.849 0.101198
29.8501 29.8504 0.0764717
29.8656 29.8768 0.0420316
29.8974 29.9049 0.073846
29.9481 29.9469 0.100659
29.9599 29.9578 0.0804138
29.986 29.9852 0.0824736
30.0183 30.0213 0.0866101
30.0396 30.0384 0.0755808
30.044 30.0472 0.0653419
30.0865 30.0861 0.0717129
30.1071 30.1041 0.0875187
30.1513 30.1457 0.12289
30.1844 30.1687 0.123255
30.1778 30.1832 0.074374
30.2227 30.216 0.0946296
30.2266 30.2361 0.0705442
30.2564 30.2528 0.0861809
30.2776 30.2782 0.0797914
30.3235 30.3169 0.110119
30.3497 30.3518 0.112767
30.352 30.3507 0.087437
30.3769 30.39 0.0723357
30.4035 30.4105 0.0584836
30.4346 30.4364 0.0873268
30.4726 30.4709 0.101271
30.484 30.4944 0.0749998
30.5191 30.5184 0.115962
30.5383 30.5399 0.0927932
30.5463 30.5618 0.0654242
30.5914 30.5845 0.091391
30.6122 30.6093 0.0762862
30.6413 30.6381 0.103821
30.6666 30.6572 0.120244
30.6836 30.6809 0.0702433
30.7098 30.7136 0.0652041
30.7418 30.7313 0.0986608
30.7696 30.7636 0.10308
30.7937 30.7945 0.0993261
30.8181 30.8011 0.108923
30.8429 30.8483 0.108703
30.8483 30.8495 0.0745557
30.8877 30.8906 0.0872509
30.9002 30.9061 0.0861784
30.9256 30.9265 0.0928207
30.967 30.9661 0.1045
30.9764 30.9846 0.0931449
31.0043 31.0189 0.0544708
31.0259 31.0306 0.0730825
31.0698 31.0648 0.0986561
31.0822 31.0754 0.0957111
31.1009 31.1117 0.0603284
31.1225 31.1403 0.0690628
31.1672 31.1759 0.103858
31.1865 31.1793 0.0992821
31.1902 31.2004 0.0498661
31.2186 31.221 0.0780658
31.2651 31.2721 0.0793386
31.286 31.2867 0.090067
31.3266 31.3197 0.0956761
31.3325 31.3366 0.097954
31.3534 31.3583 0.0819958
31.3904 31.3935 0.105135
31.4132 31.4143 0.0851536
31.4304 31.4358 0.0701573
31.4693 31.4598 0.096553
31.4886 31.4994 0.0804367
31.5028 31.513 0.0876475
31.5486 31.5376 0.0942399
31.5639 31.5561 0.08905
31.5911 31.5928 0.110842
31.6178 31.6107 0.111979
31.6436 31.6385 0.107325
31.6695 31.6768 0.107493
31.6763 31.6858 0.0976732
31.7083 31.7135 0.0934085
31.7325 31.7438 0.0760991
31.7592 31.7559 0.0940036
31.7834 31.7811 0.0878426
31.7968 31.7973 0.0943387
31.8407 31.84 0.0797583
31.8628 31.8667 0.103341
31.8724 31.8887 0.0513597
31.9206 31.922 0.10989
31.918 31.9252 0.0719504
31.9513 31.9567 0.0947989
31.9909 31.9848 0.0860349
32.0227 32.0083 0.129176
32.0427 32.0326 0.0923719
32.0692 32.0786 0.108374
32.0838 32.0885 0.0959015
32.1011 32.1126 0.0631067
32.1272 32.1289 0.0850396
32.1619 32.158 0.112982
32.1829 32.1884 0.0939625
32.2145 32.2152 0.0959624
32.2438 32.2377 0.134708
32.2557 32.2477 0.115134
32.3053 32.2972 0.138141
32.3024 32.3025 0.0903028
32.3482 32.3346 0.112838
32.3784 32.3831 0.102652
32.3799 32.3742 0.0995142
32.4144 32.4056 0.126411
32.4382 32.4416 0.101537
32.4674 32.4609 0.123786
32.4916 32.4902 0.120196
32.5055 32.5155 0.105639
32.5358 32.5341 0.114928
32.5718 32.5633 0.122926
32.589 32.5964 0.0924437
32.5998 32.6061 0.0935928
32.6396 32.6382 0.105664
32.6655 32.6619 0.114134
32.686 32.6877 0.0898439
32.702 32.6921 0.102517
32.7305 32.7334 0.0864245
32.7725 32.7706 0.0968082
32.7686 32.7818 0.0684415
32.8294 32.8222 0.111465
32.8347 32.8389 0.102248
32.8537 32.8595 0.0867766
32.8874 32.8931 0.0891015
32.9116 32.9155 0.0868317
32.9238 32.9309 0.106518
32.9748 32.9617 0.129686
32.9686 32.9865 0.0770617
33.0155 33.0058 0.122669
33.0385 33.0437 0.114305
33.0688 33.0675 0.118853
33.0942 33.0929 0.117079
33.0961 33.0961 0.0882724
33.1278 33.1372 0.0758781
33.1394 33.1413 0.0730244
33.1905 33.1928 0.102998
33.1956 33.1988 0.0909983
33.2533 33.2505 0.135693
33.26 33.2585 0.102955
33.2923 33.2843 0.110018
33.3142 33.3082 0.105818
33.3415 33.3324 0.111885
33.3631 33.3638 0.0959402
33.3914 33.3951 0.11141
33.4089 33.4172 0.088909
33.4287 33.4385 0.0864934
33.4579 33.4636 0.108866
33.4981 33.4987 0.113623
33.5214 33.5172 0.122238
33.5253 33.5385 0.0940911
33.5658 33.5692 0.117543
33.5759 33.5796 0.0800971
33.6257 33.6207 0.118006
33.6312 33.6314 0.0992716
33.6539 33.6587 0.0916183
33.7037 33.6984 0.117089
33.7011 33.6978 0.0912952
33.7374 33.7362 0.129171
33.7552 33.7619 0.0822559
33.7867 33.7883 0.118196
33.8024 33.8044 0.0934006
33.8382 33.8347 0.115226
33.8595 33.8601 0.0900737
33.8944 33.8898 0.121565
33.912 33.9127 0.105727
33.941 33.9335 0.13379
33.9544 33.9537 0.110524
33.9914 33.9817 0.121476
34.0159 34.0172 0.0966594
34.0208 34.0339 0.082623
34.0519 34.0627 0.0917265
34.0879 34.088 0.115129
34.0995 34.0945 0.0848626
34.148 34.1473 0.126732
34.1632 34.1705 0.100894
34.19 34.1738 0.126304
34.2327 34.2247 0.138426
34.23 34.2341 0.114191
34.2591 34.2548 0.097683
34.2824 34.2904 0.0992165
34.3148 34.3161 0.109274
34.3363 34.3341 0.10811
34.3513 34.3543 0.103524
34.3719 34.3726 0.116961
34.4126 34.414 0.111793
34.4466 34.4551 0.137658
34.4608 34.4644 0.098143
34.4782 34.4764 0.108213
34.5097 34.5124 0.103898
34.5352 34.532 0.102737
34.5646 34.5577 0.117857
34.5859 34.5817 0.116958
34.6118 34.6139 0.10562
34.6565 34.6448 0.12115
34.6575 34.6591 0.108277
34.6826 34.6938 0.0989323
34.7014 34.7039 0.0945462
34.7197 34.727 0.0824717
34.7422 34.7576 0.072433
34.7825 34.7962 0.102109
34.8113 34.8073 0.121606
34.8219 34.8287 0.0824182
34.8722 34.8622 0.131418
34.8878 34.8865 0.127217
34.9048 34.906 0.1025
34.922 34.9254 0.0880561
34.9463 34.9643 0.0932712
34.9894 34.9879 0.137705
35.0177 35.0112 0.112873
35.0454 35.0378 0.139815
35.0744 35.0687 0.132978
35.0979 35.0923 0.134352
35.1217 35.1139 0.144215
35.1368 35.1357 0.108146
35.1459 35.1555 0.0941777
35.1797 35.1752 0.119469
35.2083 35.2044 0.124294
35.2711 35.2573 0.155805
35.2781 35.2784 0.141132
35.2824 35.2924 0.107585
35.2956 35.3038 0.111902
35.3378 35.342 0.101869
35.3695 35.3572 0.123677
35.3844 35.3904 0.12138
35.4185 35.4091 0.143151
35.4332 35.4329 0.123443
35.4596 35.4564 0.101708
35.4891 35.4857 0.120347
35.4886 35.4861 0.0953074
35.5478 35.5469 0.133403
35.5429 35.5521 0.104037
35.593 35.5979 0.117507
35.6124 35.6164 0.121422
35.6398 35.6338 0.125506
35.668 35.6702 0.121194
35.685 35.6904 0.116944
35.6967 35.7027 0.0896237
35.7453 35.7475 0.128559
35.7676 35.7671 0.137811
35.7901 35.7923 0.129161
35.8106 35.8083 0.114423
35.8333 35.8386 0.119973
35.875 35.8713 0.138665
35.9023 35.9019 0.128333
35.9151 35.9105 0.122743
35.9319 35.9322 0.121192
35.9583 35.955 0.119631
35.9974 35.9968 0.1267
36.0122 36.0196 0.112522
36.0345 36.0399 0.114147
36.0591 36.0608 0.0932376
36.0759 36.0845 0.09879
36.126 36.111 0.149425
36.1285 36.1402 0.107743
36.1462 36.1543 0.097023
36.1859 36.1905 0.117417
36.1973 36.2036 0.0795867
36.2454 36.2338 0.140575
36.2578 36.2625 0.107274
36.3001 36.2939 0.141445
36.3129 36.324 0.115501
36.3177 36.3209 0.0952629
36.3819 36.3847 0.134958
36.3888 36.3837 0.148222
36.4209 36.42 0.117887
36.4269 36.433 0.116259
36.4627 36.4573 0.138196
36.4802 36.4806 0.113003
36.5101 36.5136 0.100213
36.5289 36.5255 0.109772
36.539 36.5519 0.105564
36.6125 36.5968 0.140741
36.608 36.6106 0.128325
36.6388 36.6288 0.114625
36.6685 36.6713 0.126966
36.6903 36.6928 0.128576
36.7068 36.7169 0.10199
36.7441 36.7427 0.121522
36.7502 36.7532 0.113766
36.7801 36.7748 0.124168
36.8175 36.8155 0.135712
36.8366 36.836 0.110152
36.8548 36.8667 0.107966
36.8892 36.8853 0.136701
36.9276 36.925 0.13988
36.9486 36.9416 0.153653
36.9638 36.964 0.133889
36.9921 36.9877 0.132561
36.9916 36.9941 0.118484
37.0397 37.0352 0.125445
37.0539 37.0545 0.113328
37.096 37.095 0.145805
37.1062 37.1041 0.151725
37.1218 37.1266 0.0972403
37.158 37.1581 0.118344
37.1898 37.1869 0.128689
37.2109 37.2168 0.119415
37.2356 37.2377 0.12135
37.2629 37.2567 0.137817
37.2904 37.2872 0.128496
37.3126 37.308 0.147835
37.3496 37.3541 0.143633
37.3581 37.3631 0.122037
37.3827 37.3831 0.112891
37.424 37.4321 0.134187
37.4357 37.4327 0.130946
37.479 37.4693 0.159174
37.4885 37.4844 0.141121
37.5032 37.5016 0.131157
37.5223 37.533 0.106286
37.5568 37.5517 0.116564
37.5873 37.5832 0.141334
37.602 37.6024 0.1173
37.6342 37.6308 0.133699
37.6692 37.6671 0.140902
37.6898 37.6874 0.133827
37.7374 37.7268 0.165761
37.7374 37.7425 0.124827
37.7687 37.7654 0.152351
37.7876 37.7896 0.137856
37.8076 37.8016 0.143836
37.8358 37.8346 0.130429
37.8644 37.8703 0.11767
37.8869 37.886 0.131735
37.9124 37.9206 0.12981
37.912 37.9237 0.103499
37.948 37.9564 0.114549
38.003 37.9915 0.183132
38.0137 38.0115 0.136297
38.045 38.043 0.144087
38.0473 38.0576 0.0924508
38.0892 38.087 0.137245
38.1079 38.1084 0.124005
38.1483 38.1462 0.145452
38.1666 38.1728 0.147342
38.1949 38.1951 0.140275
38.2169 38.2202 0.131362
38.2269 38.2247 0.126412
38.2767 38.2695 0.147646
38.287 38.2914 0.137251
38.3003 38.3021 0.134208
38.3318 38.3266 0.137453
38.3616 38.3571 0.135946
38.39 38.3853 0.158305
38.4087 38.4035 0.143003
38.4406 38.4378 0.15703
38.4751 38.4722 0.16083
38.4793 38.4836 0.133779
38.5174 38.522 0.125821
38.5429 38.5362 0.142792
38.5655 38.5596 0.165514
38.5836 38.5983 0.119186
38.6069 38.6052 0.147585
38.6387 38.6452 0.128554
38.6663 38.6651 0.132844
38.697 38.6929 0.156236
38.7148 38.7129 0.139648
38.7494 38.7427 0.15537
38.765 38.766 0.136978
38.787 38.7918 0.150271
38.8153 38.8172 0.123693
38.8238 38.8186 0.128503
38.8754 38.8616 0.164093
38.8886 38.8925 0.1524
38.9109 38.9062 0.135244
38.9428 38.9389 0.161109
38.9687 38.9657 0.171671
38.9861 38.9928 0.114604
39.0143 39.0122 0.147851
39.0453 39.0428 0.17241
39.0727 39.0718 0.143743
39.1073 39.0959 0.171904
39.1004 39.1003 0.124882
39.1312 39.1379 0.13279
39.1717 39.1695 0.15807
39.1967 39.1855 0.159272
39.2107 39.2152 0.121245
39.2267 39.2239 0.123102
39.2741 39.2731 0.150999
39.2774 39.2783 0.141915
39.3066 39.3096 0.127923
39.3369 39.3397 0.155588
39.3515 39.3489 0.134263
39.375 39.3793 0.140783
39.429 39.4227 0.170983
39.4404 39.4378 0.164433
39.4583 39.4616 0.137498
39.4769 39.4757 0.140338
39.5083 39.5133 0.130981
39.5395 39.545 0.147648
39.549 39.5475 0.139887
39.5925 39.5922 0.149445
39.5999 39.595 0.149253
39.6311 39.6299 0.160491
39.6625 39.6612 0.135558
39.6828 39.6829 0.131305
39.7041 39.7041 0.137067
39.7576 39.7497 0.174677
39.7623 39.7638 0.145601
39.7908 39.7846 0.152853
39.8186 39.8138 0.164878
39.8245 39.8306 0.126965
39.8503 39.8593 0.113912
39.9082 39.9108 0.172121
39.9258 39.9221 0.154516
39.9348 39.9325 0.128839
39.9714 39.9687 0.153236
39.9816 39.9836 0.135085
40.0207 40.0083 0.190118
40.028 40.032 0.158493
40.0818 40.079 0.166783
40.0746 40.0697 0.160786
40.1026 40.1038 0.135436
40.14 40.1395 0.14907
40.1587 40.1581 0.146241
40.1947 40.1971 0.148185
40.2145 40.2179 0.154051
40.2371 40.2366 0.162324
40.2701 40.267 0.162076
40.2785 40.2836 0.12942
40.3239 40.3172 0.167008
40.3256 40.3277 0.132114
40.3741 40.3688 0.160171
40.4064 40.4028 0.153631
40.4126 40.4148 0.147548
40.4519 40.4486 0.169281
40.4692 40.4709 0.168503
40.4902 40.4891 0.1553
40.5189 40.5156 0.159395
40.5498 40.5435 0.162204
40.558 40.561 0.142795
40.5883 40.5871 0.163043
40.6212 40.6153 0.163529
40.6538 40.6534 0.157395
40.6657 40.6621 0.15508
40.6825 40.6896 0.167949
40.7147 40.7162 0.151746
40.7423 40.7429 0.164416
40.7673 40.7717 0.148589
40.7853 40.7899 0.166778
40.816 40.8173 0.161534
40.8411 40.8449 0.159496
40.8744 40.8658 0.157035
40.8752 40.8871 0.148506
40.9123 40.9137 0.145338
40.9292 40.9351 0.13733
40.9415 40.9492 0.126452
40.9849 40.9963 0.143454
41.0081 41.0143 0.159555
41.0338 41.0306 0.14144
41.0587 41.0623 0.146077
41.0945 41.0936 0.172778
41.0989 41.1013 0.149919
41.1409 41.1369 0.191896
41.1397 41.1484 0.120923
41.1774 41.1763 0.145726
41.2092 41.2159 0.157024
41.2414 41.2439 0.151524
41.277 41.2689 0.164914
41.2909 41.2975 0.13809
41.3349 41.3184 0.1875
41.3354 41.3457 0.148366
41.3598 41.3556 0.171361
41.3729 41.3843 0.15058
41.424 41.4212 0.170413
41.4404 41.4412 0.15935
41.4762 41.474 0.167387
41.4867 41.487 0.160702
41.5211 41.5239 0.168985
41.5125 41.5179 0.128682
41.5505 41.5645 0.11939
41.6064 41.6003 0.191424
41.6226 41.6184 0.171933
41.6141 41.6202 0.122767
41.6666 41.6671 0.179378
41.6963 41.6847 0.19122
41.7013 41.7007 0.140679
41.7201 41.7274 0.130624
41.7662 41.7651 0.177156
41.7829 41.785 0.158801
41.8207 41.8249 0.179567
41.8362 41.8413 0.143315
41.8574 41.8512 0.145102
41.8932 41.8855 0.173618
41.9077 41.9045 0.161458
41.9228 41.9391 0.12321
41.9609 41.9549 0.163754
41.9967 41.9933 0.186062
42.0314 42.02 0.190515
42.0489 42.0368 0.196121
42.0571 42.0628 0.158867
42.082 42.0915 0.143467
42.1113 42.1194 0.172296
42.1339 42.136 0.16414
42.1622 42.1551 0.158365
42.1921 42.184 0.17305
42.1968 42.2031 0.142164
42.2194 42.2239 0.137962
42.2678 42.266 0.180906
42.2966 42.2965 0.197906
42.3221 42.322 0.174571
42.3241 42.3296 0.139898
42.3644 42.3634 0.141537
42.392 42.3969 0.167116
42.4224 42.4158 0.195571
42.4415 42.4363 0.176255
42.4544 42.4505 0.151672
42.4996 42.4955 0.177468
42.5129 42.5237 0.165591
42.5291 42.524 0.171346
42.5632 42.5573 0.166571
42.5985 42.5972 0.178213
42.6041 42.6074 0.161224
42.6272 42.6278 0.157374
42.6702 42.665 0.178557
42.6946 42.6905 0.163544
42.71 42.7174 0.161155
42.7425 42.7399 0.180296
42.7589 42.7633 0.160739
42.7998 42.7949 0.171667
42.8013 42.813 0.142458
42.8413 42.8473 0.183345
42.8584 42.8592 0.156219
42.8881 42.8955 0.155459
42.9103 42.9107 0.159245
42.9366 42.9419 0.169334
42.9644 42.9686 0.174286
42.9793 42.9832 0.165291
43.0224 43.0193 0.176018
43.049 43.0455 0.186475
43.0555 43.0602 0.150332
43.0842 43.0872 0.169293
43.0901 43.0947 0.14703
43.1533 43.1444 0.2069
43.155 43.1598 0.150635
43.1831 43.1832 0.178084
43.2132 43.214 0.190912
43.2468 43.2455 0.174352
43.2578 43.2625 0.180354
43.2876 43.2896 0.158126
43.3095 43.3104 0.17649
43.3173 43.3194 0.148041
43.347 43.3533 0.150129
43.3788 43.3776 0.17319
43.4229 43.4177 0.172044
43.4426 43.441 0.175651
43.4631 43.4667 0.175658
43.4831 43.4946 0.173563
43.5092 43.515 0.138568
43.5245 43.5336 0.178515
43.5681 43.5636 0.200269
43.5746 43.5778 0.162387
43.6186 43.6203 0.184398
43.6534 43.6525 0.18482
43.6623 43.6618 0.177606
43.6654 43.6596 0.170974
43.7228 43.7193 0.184249
43.7353 43.7218 0.196625
43.7804 43.7711 0.181852
43.7865 43.7783 0.193202
43.8118 43.8057 0.169691
43.8263 43.831 0.161043
43.8703 43.8683 0.178179
43.8936 43.8837 0.187306
43.9008 43.9073 0.164763
43.9388 43.9317 0.183835
43.9628 43.9698 0.17013
43.9865 43.9835 0.140401
44.0148 44.0167 0.177581
44.0468 44.0402 0.194227
44.0852 44.0768 0.196246
44.093 44.0883 0.204266
44.1273 44.1196 0.189032
44.1342 44.1334 0.172135
44.1636 44.1726 0.16577
44.1809 44.1804 0.173855
44.2208 44.2218 0.177042
44.2461 44.244 0.190528
44.2641 44.2708 0.198203
44.2794 44.2854 0.16163
44.3198 44.3082 0.186359
44.3346 44.3305 0.17794
44.3618 44.3635 0.163192
44.3861 44.3807 0.199907
44.4198 44.411 0.200704
44.4407 44.4367 0.189515
44.4484 44.4586 0.158933
44.4923 44.4884 0.18634
44.5145 44.5102 0.192376
44.5497 44.5479 0.192179
44.5555 44.558 0.165031
44.5656 44.5842 0.144661
44.6121 44.612 0.179338
44.6452 44.6378 0.204691
44.6599 44.6575 0.191698
44.6937 44.6917 0.196702
44.7136 44.7142 0.173476
44.7407 44.7403 0.193176
44.7619 44.7575 0.180953
44.822 44.8137 0.219006
44.8034 44.8125 0.160695
44.8284 44.8358 0.181233
44.8587 44.8639 0.180559
44.8815 44.8831 0.167739
44.906 44.8979 0.185222
44.9201 44.9307 0.157978
44.9854 44.9741 0.228755
44.9858 44.9896 0.180055
45.0259 45.0219 0.212447
45.046 45.0424 0.194035
45.0568 45.062 0.180208
45.0921 45.0891 0.19803
45.1066 45.1064 0.15547
45.1412 45.1452 0.198598
45.1669 45.1693 0.188848
45.1948 45.1896 0.216811
45.2314 45.2233 0.202885
45.2433 45.2365 0.198629
45.2504 45.2538 0.174895
45.2949 45.2989 0.207553
45.3162 45.301 0.225959
45.3366 45.3301 0.202781
45.3621 45.3614 0.197054
45.397 45.3916 0.202273
45.4074 45.4042 0.186447
45.4624 45.453 0.218028
45.4566 45.4452 0.18718
45.4886 45.4858 0.203383
45.5071 45.5154 0.177785
45.5281 45.527 0.174865
45.5706 45.5568 0.196878
45.5941 45.5834 0.213938
45.6064 45.6102 0.170477
45.6148 45.6245 0.175666
45.6729 45.6576 0.206953
45.6692 45.6757 0.156396
45.7377 45.7275 0.226746
45.7369 45.7435 0.204657
45.7534 45.7504 0.187199
45.7801 45.7787 0.202473
45.8248 45.8165 0.21889
45.8532 45.8434 0.20831
45.8509 45.8616 0.171732
45.8977 45.898 0.18357
45.9169 45.9161 0.195984
45.9452 45.9328 0.19103
45.969 45.9614 0.205503
45.9942 45.9913 0.190432
46.0161 46.0229 0.188385
46.0563 46.0488 0.218672
46.077 46.0792 0.201584
46.0818 46.0929 0.165785
46.1057 46.106 0.183978
46.1525 46.1469 0.211449
46.1586 46.1634 0.186869
46.1911 46.1898 0.184031
46.2157 46.2153 0.212303
46.2523 46.2453 0.215045
46.2567 46.2606 0.184777
46.2901 46.2935 0.185717
46.317 46.32 0.186473
46.3308 46.3308 0.168943
46.3379 46.3437 0.1607
46.3821 46.3866 0.181788
46.4181 46.4029 0.213303
46.4287 46.4385 0.183859
46.4571 46.4657 0.181072
46.4868 46.4852 0.187957
46.5213 46.5195 0.223662
46.5493 46.5446 0.215884
46.5668 46.5662 0.206368
46.5864 46.586 0.184507
46.6132 46.6087 0.196012
46.6176 46.6398 0.161128
46.6638 46.6503 0.191197
46.6845 46.6807 0.19029
46.7079 46.7017 0.19731
46.7403 46.7368 0.22105
46.7551 46.7618 0.174064
46.7911 46.7903 0.199758
46.8104 46.807 0.204417
46.8413 46.8484 0.191312
46.8668 46.8657 0.221801
46.8781 46.8856 0.183663
46.9112 46.9108 0.197856
46.9357 46.9349 0.206463
46.9451 46.9459 0.194206
46.9842 46.9854 0.195642
47.0225 47.013 0.19907
47.0369 47.0314 0.210505
47.0499 47.0427 0.198089
47.089 47.095 0.192229
47.1184 47.1208 0.207841
47.1328 47.1371 0.192845
47.1675 47.1656 0.195416
47.1945 47.1889 0.210696
47.2061 47.2032 0.185804
47.2433 47.2445 0.200888
47.2572 47.2541 0.199817
47.2732 47.2742 0.19066
47.3135 47.319 0.20795
47.3349 47.3299 0.209902
47.3571 47.3641 0.1939
47.3831 47.3806 0.214085
47.4196 47.4151 0.198011
47.4425 47.4405 0.210913
47.466 47.4622 0.217216
47.4869 47.4927 0.202392
47.5093 47.5137 0.187351
47.5349 47.528 0.201503
47.5621 47.5631 0.216043
47.5792 47.5823 0.220616
47.5972 47.614 0.179805
47.6401 47.6372 0.193157
47.6751 47.6769 0.218352
47.6882 47.6867 0.214894
47.7034 47.7105 0.199353
47.7451 47.7403 0.217995
47.7509 47.75 0.179704
47.7884 47.7931 0.206664
47.8047 47.8094 0.192494
47.8481 47.8401 0.227913
47.8554 47.869 0.193189
47.8812 47.8872 0.209145
47.9092 47.9091 0.214829
47.943 47.9439 0.205036
47.9692 47.9751 0.214218
47.9781 47.9753 0.207218
48.0017 48.0043 0.192652
48.0364 48.0472 0.19526
48.094 48.0724 0.257623
48.0878 48.0898 0.189442
48.107 48.1055 0.205525
48.1527 48.1463 0.234227
48.166 48.1736 0.216496
48.1826 48.1832 0.211075
48.2149 48.2108 0.224244
48.2383 48.2342 0.198361
48.2712 48.2658 0.244135
48.2843 48.29 0.199322
48.3088 48.3172 0.206747
48.3193 48.3171 0.18711
48.3643 48.3613 0.220088
48.378 48.3818 0.186804
48.4121 48.4126 0.213576
48.4514 48.4545 0.224645
48.4534 48.453 0.20632
48.4812 48.4841 0.224563
48.5033 48.5003 0.213027
48.5455 48.5507 0.221857
48.5651 48.5668 0.214025
48.5907 48.5921 0.223505
48.6087 48.6148 0.191992
48.6296 48.6398 0.205962
48.658 48.6509 0.224087
48.6843 48.6791 0.212758
48.6973 48.7007 0.224217
48.7438 48.7362 0.229704
48.7565 48.7608 0.200988
48.7772 48.7852 0.186206
48.8193 48.8236 0.237102
48.8415 48.8439 0.217965
48.8624 48.8633 0.210642
48.8812 48.8838 0.198563
48.9064 48.909 0.211157
48.9429 48.9494 0.221007
48.9678 48.9649 0.208026
48.9962 48.989 0.24162
49.0096 49.0072 0.216851
49.0281 49.0378 0.190188
49.0479 49.0471 0.204615
49.0958 49.0968 0.240328
49.1018 49.1052 0.18818
49.1342 49.1299 0.210192
49.1504 49.1592 0.207529
49.1927 49.1877 0.22313
49.2275 49.2148 0.23418
49.2307 49.2384 0.218626
49.2679 49.2689 0.235715
49.2825 49.2878 0.197928
49.3167 49.3162 0.21457
49.3279 49.3262 0.202671
49.3734 49.3715 0.246622
49.3834 49.3823 0.226485
49.406 49.4123 0.212777
49.4336 49.4393 0.218699
49.4624 49.4624 0.226033
49.4997 49.4996 0.250176
49.5143 49.5091 0.237295
49.534 49.5252 0.22935
49.5551 49.5614 0.198457
49.5874 49.581 0.220589
49.6086 49.6118 0.223382
49.65 49.6416 0.240938
49.6376 49.6437 0.186265
49.6762 49.6813 0.219447
49.7042 49.6986 0.22561
49.7371 49.7316 0.239867
49.7837 49.7768 0.244599
49.8123 49.8068 0.244658
49.8206 49.8189 0.23853
49.8496 49.8486 0.238458
49.8673 49.8638 0.234097
49.8948 49.8936 0.229385
49.9271 49.9135 0.241294
49.9474 49.9449 0.226605
49.9642 49.9643 0.227358
49.9833 49.9858 0.21998
50.0066 50.0039 0.233673
50.0376 50.0352 0.235888
50.0638 50.053 0.244278
50.0754 50.0797 0.188529
50.1081 50.1132 0.214304
50.1362 50.1356 0.222936
50.1519 50.1559 0.215858
50.186 50.1898 0.21109
50.2213 50.2204 0.235993
50.2444 50.2396 0.23625
50.279 50.2656 0.269596
50.2822 50.2814 0.236314
50.3064 50.3076 0.216764
50.3379 50.3379 0.236851
50.3674 50.366 0.225228
50.3911 50.3941 0.217491
50.4119 50.4109 0.251134
50.4341 50.4407 0.217888
50.4679 50.4684 0.233924
50.4904 50.4974 0.213387
50.5182 50.5165 0.221767
50.5404 50.5359 0.231507
50.574 50.5717 0.250564
50.5927 50.5934 0.233733
50.6124 50.6152 0.239869
50.6167 50.6232 0.22771
50.6447 50.6518 0.214823
50.6754 50.6798 0.221793
50.7147 50.7229 0.238767
50.7314 50.7259 0.221164
50.7525 50.7516 0.231919
50.777 50.778 0.229078
50.8054 50.8031 0.236385
50.836 50.8384 0.236163
50.8564 50.8655 0.219385
50.8922 50.8858 0.242038
50.9159 50.9043 0.255489
50.9251 50.9244 0.221602
50.9691 50.9539 0.246656
50.9849 50.9879 0.232269
51.0218 51.0173 0.250021
51.0387 51.0462 0.231503
51.082 51.0768 0.266615
51.086 51.0882 0.228768
51.0973 51.0944 0.227431
51.1523 51.1484 0.233276
51.1556 51.1578 0.216372
51.1926 51.1978 0.241605
51.2134 51.216 0.242773
51.2432 51.2451 0.254779
51.2743 51.2688 0.27328
51.2832 51.2804 0.237203
51.3306 51.315 0.261313
51.3383 51.3314 0.25439
51.3604 51.3647 0.242951
51.3924 51.3837 0.246106
51.409 51.4071 0.215755
51.4282 51.4249 0.243151
51.4678 51.4723 0.23527
51.4886 51.4937 0.241232
51.5025 51.5099 0.220023
51.5277 51.526 0.226421
51.5674 51.5691 0.232364
51.581 51.5772 0.236049
51.6006 51.601 0.235958
51.6371 51.6381 0.242385
51.6634 51.6636 0.234819
51.687 51.6774 0.247033
51.7212 51.721 0.253618
51.7258 51.725 0.223458
51.7726 51.7707 0.239892
51.7889 51.7829 0.242739
51.8173 51.8152 0.262567
51.8237 51.8215 0.229959
51.8617 51.8598 0.24373
51.8789 51.8779 0.235427
51.9017 51.9027 0.22611
51.9281 51.9275 0.22884
51.9704 51.9749 0.251325
51.9875 51.9926 0.253059
52.0172 52.0162 0.24511
52.0214 52.032 0.225424
52.0638 52.0601 0.253572
52.0773 52.0931 0.231929
52.114 52.1174 0.24517
52.1226 52.1363 0.239235
52.1651 52.1523 0.254599
52.1801 52.1742 0.246552
52.2069 52.2048 0.248573
52.2422 52.2473 0.23933
52.2813 52.2689 0.272276
52.2981 52.2987 0.254236
52.3095 52.3067 0.239875
52.3364 52.336 0.243322
52.3676 52.3695 0.240112
52.3665 52.3699 0.223898
52.4136 52.4134 0.239307
52.4451 52.4467 0.262663
52.4746 52.4678 0.263415
52.4726 52.4734 0.233498
52.5034 52.5134 0.237035
52.5449 52.5402 0.267842
52.5732 52.5569 0.2644
52.598 52.6018 0.262707
52.5944 52.5964 0.227823
52.6347 52.6365 0.237397
52.6693 52.6739 0.253361
52.7002 52.6974 0.264068
52.7083 52.7092 0.245605
52.7323 52.7405 0.238514
52.7675 52.7599 0.254416
52.7707 52.7765 0.24481
52.8091 52.8096 0.24051
52.8319 52.8317 0.25412
52.8604 52.8653 0.238886
52.8905 52.8951 0.234552
52.9045 52.907 0.242486
52.9396 52.9343 0.258119
52.9671 52.966 0.245078
52.9836 52.9729 0.251171
53.016 53.0166 0.247703
53.0389 53.0475 0.237091
53.0675 53.0641 0.267878
53.0913 53.0917 0.255289
53.1173 53.127 0.264935
53.1483 53.1424 0.271608
53.1555 53.1526 0.256012
53.1986 53.1876 0.285754
53.2075 53.2117 0.253232
53.2338 53.229 0.250645
53.272 53.2691 0.270741
53.2982 53.293 0.272901
53.312 53.3176 0.242698
53.3347 53.3408 0.241309
53.3563 53.359 0.252388
53.4038 53.3888 0.297873
53.4061 53.4032 0.260371
53.4248 53.4175 0.231729
53.4783 53.4764 0.268798
53.4961 53.4866 0.272778
53.5149 53.507 0.255782
53.532 53.5381 0.236727
53.5574 53.5662 0.241586
53.5777 53.5762 0.239054
53.6187 53.6205 0.26599
53.6578 53.6468 0.276117
53.6542 53.6483 0.218991
53.6884 53.6909 0.267454
53.7204 53.7165 0.264109
53.7447 53.7385 0.278796
53.7748 53.7713 0.274007
53.7913 53.7885 0.26383
53.826 53.8174 0.271873
53.8315 53.8323 0.254955
53.8732 53.8669 0.257922
53.8859 53.8886 0.270197
53.9187 53.9186 0.259787
53.9541 53.9469 0.264908
53.9516 53.9586 0.24002
53.9783 53.9803 0.264046
54.0119 54.0298 0.241076
54.0305 54.0316 0.259242
54.0634 54.0634 0.2652
54.091 54.0917 0.276335
54.1139 54.1133 0.268185
54.1321 54.1308 0.26691
54.1571 54.1518 0.252153
54.198 54.2064 0.276659
54.1945 54.1975 0.254973
54.2517 54.2422 0.293381
54.2661 54.2597 0.280301
54.2897 54.2875 0.25796
54.3003 54.3093 0.260659
54.3501 54.3482 0.278806
54.3649 54.369 0.258189
54.3841 54.3814 0.253
54.4189 54.4165 0.260117
54.4422 54.4312 0.291578
54.4447 54.4528 0.253258
54.4822 54.4856 0.256868
54.5194 54.5204 0.269268
54.5482 54.5419 0.286861
54.5682 54.5749 0.269707
54.5933 54.5877 0.287637
54.6182 54.622 0.274422
54.6439 54.6336 0.292438
54.6705 54.6725 0.267882
54.6994 54.6993 0.282965
54.7167 54.7174 0.269871
54.7332 54.7382 0.262025
54.7709 54.7672 0.267614
54.7886 54.7884 0.268684
54.8071 54.8154 0.261068
54.8283 54.828 0.243306
54.8543 54.8558 0.283359
54.8792 54.8854 0.274484
54.9235 54.9204 0.287799
54.9443 54.9389 0.293534
54.9832 54.9788 0.298224
54.9764 54.9826 0.251304
55.017 55.0092 0.28335
55.0475 55.0495 0.26647
55.0594 55.0632 0.273126
55.0823 55.0862 0.289047
55.1024 55.1027 0.241909
55.1372 55.1446 0.275025
55.1525 55.1617 0.230066
55.2132 55.2032 0.30734
55.201 55.2088 0.280741
55.2446 55.2457 0.277041
55.2655 55.2666 0.283927
55.2853 55.276 0.261983
55.3182 55.3193 0.293169
55.3403 55.3419 0.273456
55.3681 55.3679 0.287665
55.3726 55.3647 0.268842
55.4213 55.4212 0.279872
55.4439 55.4373 0.278299
55.4655 55.4639 0.277993
55.5005 55.486 0.295061
55.5021 55.5146 0.246485
55.5451 55.5456 0.279168
55.5689 55.5704 0.260867
55.5711 55.5753 0.273741
55.6081 55.6025 0.274868
55.6325 55.6384 0.262581
55.665 55.666 0.275523
55.684 55.6918 0.268744
55.6988 55.7052 0.257423
55.7315 55.7362 0.275197
55.7581 55.7601 0.290296
55.8111 55.8054 0.307765
55.7972 55.7978 0.271465
55.8266 55.816 0.281862
55.8521 55.857 0.271959
55.8955 55.8956 0.276716
55.9097 55.9071 0.287087
55.9406 55.9492 0.26612
55.9657 55.9614 0.288889
55.9803 55.975 0.279749
56.026 56.0214 0.294348
56.0452 56.0407 0.293604
56.0611 56.0589 0.275419
56.0847 56.0925 0.264478
56.1099 56.1169 0.26636
56.1478 56.1453 0.285185
56.1565 56.1524 0.271867
56.1881 56.1763 0.282192
56.2143 56.2113 0.285498
56.2533 56.2482 0.296386
56.2654 56.2587 0.282726
56.279 56.2813 0.267606
56.324 56.3207 0.322357
56.3274 56.3335 0.268771
56.3791 56.3697 0.314553
56.396 56.3987 0.30345
56.4192 56.4128 0.289574
56.4299 56.4311 0.272621
56.4522 56.459 0.26847
56.5036 56.4966 0.322732
56.5068 56.5123 0.272437
56.5208 56.5349 0.261074
56.5621 56.5632 0.306692
56.5756 56.5905 0.261639
56.6057 56.6172 0.271
56.6409 56.6484 0.278277
56.6589 56.6584 0.27802
56.6885 56.689 0.264743
56.7054 56.7078 0.285634
56.7521 56.7426 0.321758
56.7519 56.7506 0.282717
56.7722 56.7787 0.2688
56.8133 56.8089 0.299651
56.8379 56.8423 0.267647
56.8777 56.8818 0.298311
56.8814 56.8771 0.288482
56.9194 56.9144 0.312219
56.9437 56.9378 0.298944
56.9602 56.9679 0.29921
56.9959 56.9865 0.321955
57.0249 57.0214 0.315482
57.032 57.0328 0.293411
57.0763 57.0719 0.310215
57.0954 57.0965 0.317312
57.1328 57.118 0.309266
57.1159 57.1267 0.280681
57.1529 57.1532 0.291261
57.1835 57.1776 0.287107
57.1965 57.2128 0.267124
57.233 57.229 0.282728
57.2614 57.2638 0.289466
57.2876 57.2842 0.296971
57.3122 57.3137 0.305225
57.3419 57.3273 0.305643
57.3576 57.3577 0.283936
57.3752 57.3732 0.268118
57.4076 57.4114 0.293426
57.4432 57.4389 0.293609
57.4626 57.4585 0.31384
57.4866 57.4834 0.275769
57.4885 57.5039 0.261057
57.5232 57.5265 0.276916
57.5675 57.5716 0.310054
57.5972 57.5986 0.304828
57.5976 57.6027 0.290039
57.6399 57.6432 0.27412
57.6557 57.6672 0.280912
57.7018 57.7004 0.313595
57.7072 57.708 0.30625
57.7449 57.7411 0.305258
57.7672 57.7677 0.317103
57.7874 57.7905 0.287421
57.8078 57.8039 0.295901
57.843 57.8398 0.291399
57.862 57.8562 0.294076
57.8848 57.8867 0.297823
57.9281 57.9266 0.319321
57.925 57.9354 0.288025
57.9663 57.9655 0.307161
57.9768 57.9732 0.299517
58.0058 58.0112 0.30038
58.0277 58.0199 0.302566
58.0675 58.0703 0.308168
58.0953 58.0828 0.302838
58.0969 58.1038 0.274666
58.1467 58.1417 0.306853
58.1646 58.1672 0.301813
58.1956 58.1928 0.323554
58.2213 58.2069 0.309619
58.2307 58.2417 0.288377
58.2474 58.255 0.297042
58.2927 58.2973 0.301597
58.3099 58.3065 0.303593
58.3253 58.336 0.272521
58.3701 58.3621 0.312907
58.3817 58.3838 0.281189
58.4282 58.422 0.330916
58.4484 58.4415 0.324109
58.4608 58.459 0.30089
58.4853 58.4788 0.288556
58.5147 58.5182 0.306087
58.5383 58.5421 0.304871
58.5666 58.5742 0.310349
58.5934 58.5907 0.326385
58.6283 58.6243 0.327579
58.6484 58.6501 0.326653
58.67 58.6607 0.312405
58.6895 58.6859 0.299966
58.7025 58.7108 0.311816
58.7381 58.7297 0.321793
58.769 58.7613 0.319099
58.7934 58.7989 0.291258
58.8182 58.8114 0.325838
58.8354 58.8315 0.31468
58.8663 58.865 0.301949
58.8764 58.8814 0.285506
58.9132 58.9136 0.308889
58.9174 58.9266 0.282713
58.9537 58.9556 0.315384
58.9826 58.9811 0.30894
59.0102 59.0132 0.294815
59.0298 59.0427 0.296356
59.0625 59.0629 0.301416
59.0844 59.0804 0.306446
59.1305 59.1189 0.345458
59.1238 59.1229 0.301092
59.1501 59.1547 0.301333
59.1756 59.1841 0.306666
59.2055 59.2108 0.301029
59.2297 59.2309 0.292071
59.268 59.264 0.311693
59.2795 59.2714 0.307117
59.3176 59.314 0.326286
59.3288 59.3422 0.295398
59.358 59.3602 0.314494
59.3881 59.3901 0.315238
59.4264 59.4221 0.340313
59.4319 59.4437 0.296771
59.4712 59.4705 0.327369
59.4865 59.486 0.316005
59.5081 59.5147 0.283747
59.5557 59.5576 0.324009
59.5717 59.5701 0.319599
59.5896 59.5756 0.341696
59.6272 59.6239 0.328221
59.6327 59.6393 0.306654
59.6657 59.6653 0.322715
59.6994 59.6964 0.32098
59.7118 59.7115 0.31456
59.7373 59.7252 0.301328
59.7837 59.7815 0.335511
59.801 59.7944 0.318479
59.8205 59.8246 0.322274
59.8351 59.8412 0.324379
59.8729 59.872 0.333001
59.8742 59.8719 0.305836
59.9046 59.9046 0.316129
59.9167 59.919 0.295549
59.9553 59.9567 0.29728
59.9754 59.9786 0.293529
60.0138 60.0054 0.314951
60.0486 60.0493 0.331028
60.0564 60.0553 0.302717
60.098 60.0925 0.327474
60.1037 60.1079 0.304205
60.1321 60.1349 0.3213
60.1757 60.1624 0.342703
60.1745 60.179 0.297884
60.2236 60.2164 0.347457
60.2356 60.2355 0.330447
60.2671 60.264 0.345547
60.2922 60.2926 0.319997
60.3214 60.3093 0.327286
60.343 60.3477 0.321194
60.361 60.3571 0.333142
60.3944 60.3895 0.351763
60.3889 60.4055 0.278017
60.4243 60.4289 0.318764
60.4702 60.4664 0.326813
60.4845 60.4798 0.328071
60.5019 60.5159 0.295127
60.5367 60.5386 0.302432
60.5655 60.5765 0.312089
60.5941 60.5978 0.346842
60.6161 60.6123 0.325694
60.6256 60.6326 0.298698
60.6543 60.6559 0.313515
60.6737 60.6746 0.321848
60.7079 60.7115 0.313881
60.7216 60.728 0.313577
60.7552 60.7548 0.322495
60.7834 60.7798 0.329391
60.8129 60.8146 0.3392
60.8454 60.8409 0.349609
60.8542 60.8538 0.349645
60.9087 60.9003 0.364016
60.9175 60.9134 0.337824
60.9413 60.9374 0.351802
60.9639 60.9675 0.32275
60.9801 60.9772 0.299466
61.0219 61.0302 0.336203
61.0209 61.0211 0.311749
61.065 61.066 0.322041
61.0739 61.0734 0.3128
61.1021 61.1041 0.327786
61.1371 61.1319 0.343003
61.1507 61.1514 0.327623
61.1841 61.183 0.308685
61.2 61.2037 0.312616
61.237 61.2357 0.34639
61.2751 61.2662 0.350029
61.262 61.275 0.288752
61.3222 61.3139 0.354635
61.3279 61.3367 0.327636
61.3428 61.3522 0.303712
61.3746 61.3806 0.305873
61.4086 61.4172 0.315824
61.4541 61.4543 0.342695
61.4692 61.4603 0.329179
61.5027 61.4913 0.353837
61.5099 61.5097 0.323251
61.5363 61.5407 0.332582
61.547 61.5518 0.304567
61.5771 61.58 0.312976
61.6134 61.6139 0.347468
61.6453 61.6522 0.349714
61.6657 61.6572 0.344627
61.6885 61.6884 0.341803
61.7096 61.7115 0.337754
61.7501 61.7428 0.349389
61.7439 61.7519 0.305588
61.7888 61.7895 0.358551
61.8035 61.8042 0.325279
61.8462 61.8384 0.352796
61.8464 61.855 0.306
61.8919 61.8917 0.362007
61.9166 61.9198 0.321511
61.9296 61.9333 0.32291
61.9667 61.963 0.345158
61.9858 61.9868 0.328646
62.005 62.0068 0.315316
62.0304 62.0374 0.308571
62.0565 62.0646 0.334201
62.089 62.0805 0.346459
62.1242 62.1179 0.340906
62.1284 62.1325 0.321635
62.1613 62.1644 0.352798
62.1816 62.1875 0.366227
62.215 62.2178 0.363467
62.2432 62.2455 0.353761
62.2723 62.2591 0.364426
62.2823 62.2801 0.349275
62.3037 62.3076 0.331794
62.328 62.3366 0.32087
62.3655 62.3696 0.360239
62.38 62.3789 0.349214
62.4164 62.41 0.354648
62.4431 62.4422 0.357959
62.4552 62.45 0.322969
62.4681 62.4723 0.314814
62.5165 62.523 0.327357
62.5344 62.5315 0.342242
62.5715 62.5655 0.339443
62.5804 62.5826 0.322858
62.6072 62.607 0.33633
62.6284 62.6406 0.320913
62.6483 62.6483 0.335022
62.6879 62.6799 0.335229
62.7134 62.7126 0.334987
62.7618 62.7514 0.376245
62.7621 62.7595 0.357446
62.7821 62.7926 0.352789
62.8043 62.8107 0.33158
62.8212 62.8308 0.337228
62.8627 62.8576 0.34342
62.9025 62.8959 0.371265
62.9149 62.9128 0.357167
62.9457 62.9443 0.345377
62.9618 62.9658 0.356507
62.9971 62.9925 0.370001
63.0114 63.0121 0.352161
63.0395 63.0392 0.366258
63.0645 63.0671 0.360145
63.0981 63.0937 0.351885
63.1238 63.1248 0.36727
63.1441 63.1449 0.344739
63.1596 63.1643 0.348228
63.192 63.1968 0.358429
63.2221 63.2195 0.365284
63.2465 63.2402 0.388001
63.2608 63.2531 0.353805
63.2891 63.2881 0.359769
63.3227 63.3202 0.372858
63.3307 63.3282 0.352942
63.3525 63.3521 0.347585
63.3807 63.3828 0.363922
63.4284 63.4148 0.377014
63.4475 63.4456 0.379968
63.4559 63.458 0.356181
63.4815 63.4896 0.356531
63.5236 63.5274 0.36309
63.5522 63.5567 0.383848
63.5502 63.5645 0.33704
63.5894 63.5966 0.340329
63.6028 63.6062 0.354248
63.6413 63.6405 0.378492
63.6659 63.6694 0.347976
63.6871 63.6921 0.355841
63.7263 63.7124 0.382446
63.7379 63.7459 0.346547
63.7608 63.7669 0.349161
63.7804 63.7861 0.359487
63.8116 63.8199 0.340104
63.8402 63.8458 0.335724
63.8737 63.8573 0.375593
63.8879 63.8944 0.358072
63.906 63.9157 0.339541
63.9401 63.9343 0.36507
63.9721 63.9704 0.37589
63.9875 63.9897 0.367565
64.0243 64.0138 0.366317
64.0407 64.0279 0.378214
64.0488 64.0564 0.328674
64.0942 64.0932 0.380857
64.1213 64.1211 0.35939
64.1308 64.1346 0.350323
64.1533 64.152 0.353449
64.1787 64.1778 0.349724
64.2124 64.2146 0.356875
64.2297 64.2268 0.364663
64.2633 64.2654 0.37083
64.2933 64.2813 0.380613
64.329 64.3163 0.389812
64.3231 64.3301 0.333225
64.3573 64.3562 0.356581
64.3861 64.3823 0.364145
64.4148 64.4185 0.36004
64.4354 64.4345 0.339022
64.4789 64.4764 0.381137
64.4893 64.4936 0.352307
64.5093 64.511 0.35687
64.5266 64.5274 0.340538
64.567 64.5698 0.380432
64.5871 64.5864 0.371639
64.5941 64.6029 0.340136
64.6241 64.6309 0.350472
64.6617 64.6612 0.36814
64.6886 64.6861 0.374025
64.7277 64.724 0.37529
64.7361 64.7385 0.366791
64.7699 64.7731 0.381594
64.7918 64.787 0.375413
64.8019 64.8097 0.361889
64.8266 64.8292 0.341864
64.8553 64.8621 0.370012
64.8943 64.8832 0.395511
64.9139 64.9152 0.36116
64.9273 64.9328 0.379416
64.9619 64.9679 0.376415
64.9906 64.9973 0.382556
65.025 65.0237 0.397249
65.0322 65.0371 0.367076
65.0542 65.053 0.365196
65.0669 65.0786 0.339891
65.1134 65.1016 0.396308
65.1473 65.1507 0.385901
65.1611 65.1666 0.366341
65.1688 65.1773 0.331129
65.2187 65.2099 0.400962
65.2324 65.2271 0.373306
65.2533 65.2569 0.370876
65.2852 65.289 0.363719
65.3043 65.3098 0.361583
65.3473 65.3401 0.388636
65.3539 65.3545 0.346138
65.3997 65.3898 0.409314
65.4208 65.4241 0.389205
65.4459 65.4479 0.389062
65.4869 65.4757 0.400648
65.4905 65.4913 0.369495
65.5036 65.512 0.36658
65.5385 65.5411 0.366336
65.5592 65.5646 0.374682
65.5867 65.5826 0.385811
65.6196 65.6118 0.391294
65.6245 65.6238 0.364713
65.6698 65.6601 0.400728
65.6802 65.6733 0.404805
65.7188 65.7095 0.388649
65.7304 65.7315 0.357063
65.7374 65.7485 0.336031
65.7939 65.786 0.389024
65.8209 65.8225 0.379737
65.8455 65.8446 0.382191
65.8725 65.8643 0.412164
65.8845 65.8954 0.36516
65.9136 65.9103 0.391281
65.9138 65.9218 0.35735
65.973 65.9652 0.397052
65.9846 65.9867 0.390663
66.0109 66.0126 0.375693
66.0355 66.032 0.381576
66.0691 66.0672 0.391365
66.0825 66.0946 0.370709
66.1167 66.1182 0.386358
66.1495 66.1396 0.414434
66.1674 66.1616 0.384408
66.2022 66.2028 0.386482
66.2062 66.2098 0.376046
66.239 66.2272 0.411079
66.2732 66.267 0.385951
66.2836 66.2836 0.370454
66.3026 66.3138 0.362957
66.3288 66.3339 0.385533
66.3556 66.3542 0.373287
66.3903 66.3821 0.40787
66.4006 66.4003 0.369378
66.4354 66.4394 0.379777
66.4552 66.4589 0.382949
66.4944 66.491 0.40756
66.5128 66.51 0.386404
66.5439 66.5381 0.408544
66.5533 66.5512 0.390653
66.5887 66.5839 0.393551
66.6059 66.6103 0.378874
66.6308 66.6312 0.388403
66.6539 66.6616 0.376352
66.6791 66.6855 0.384668
66.7078 66.7168 0.393628
66.7389 66.7467 0.371477
66.7525 66.755 0.360106
66.7768 66.7838 0.370102
66.8171 66.819 0.405035
66.8485 66.853 0.398993
66.8616 66.8582 0.366652
66.8973 66.9015 0.384062
66.922 66.9181 0.407722
66.9398 66.9306 0.418458
66.9641 66.9585 0.413821
66.9996 66.9925 0.408663
67.0063 67.0036 0.389055
67.0433 67.0413 0.409562
67.0696 67.0655 0.418376
67.0802 67.0849 0.381875
67.1071 67.104 0.397978
67.1209 67.1336 0.373091
67.1406 67.141 0.374931
67.1919 67.1881 0.402138
67.2283 67.2167 0.420948
67.2445 67.2462 0.388029
67.2618 67.2572 0.397641
67.2946 67.2845 0.438659
67.3074 67.3048 0.420607
67.3431 67.3493 0.403557
67.3647 67.3687 0.398207
67.3905 67.3935 0.383285
67.4171 67.4125 0.39635
67.4392 67.438 0.397612
67.4704 67.4638 0.399761
67.4729 67.4723 0.387942
67.5086 67.5083 0.399175
67.547 67.5467 0.402485
67.5555 67.5663 0.405476
67.5865 67.5833 0.395813
67.6076 67.609 0.386284
67.6394 67.6396 0.423952
67.6527 67.6542 0.397115
67.6817 67.6832 0.382609
67.7116 67.7112 0.426541
67.7343 67.7393 0.389718
67.754 67.7566 0.404031
67.7836 67.7793 0.423181
67.8308 67.8247 0.433972
67.8427 67.8423 0.386498
67.8539 67.8636 0.391231
67.8905 67.8984 0.393641
67.9029 67.9178 0.375536
67.9357 67.9363 0.402996
67.9607 67.954 0.40924
67.979 67.9866 0.387503
68.0113 68.0053 0.410374
68.0455 68.0442 0.39798
68.0701 68.0704 0.40366
68.0787 68.081 0.392092
68.1032 68.105 0.402791
68.1474 68.1457 0.411287
68.1757 68.1675 0.42349
68.1794 68.182 0.415852
68.2 68.2111 0.377407
68.2286 68.2278 0.403674
68.2613 68.2715 0.413643
68.297 68.2896 0.435058
68.3083 68.3082 0.390688
68.3234 68.3306 0.374458
68.3493 68.3511 0.389381
68.3749 68.3819 0.373498
68.4079 68.4123 0.398555
68.4468 68.4326 0.445057
68.4543 68.4504 0.417651
68.4962 68.491 0.428267
68.5195 68.5021 0.430458
68.5369 68.5394 0.421494
68.5616 68.5647 0.408076
68.5776 68.5753 0.388842
68.6068 68.6131 0.398697
68.6298 68.6298 0.398108
68.674 68.6689 0.437569
68.6859 68.6873 0.412908
68.7148 68.7203 0.422282
68.7356 68.7371 0.419908
68.746 68.7537 0.409836
68.7937 68.7851 0.428073
68.81 68.8088 0.420764
68.84 68.8459 0.405054
68.8588 68.8571 0.405268
68.8918 68.8787 0.44628
68.9112 68.9151 0.413443
68.9326 68.9339 0.418459
68.9606 68.9551 0.411585
68.9976 68.9963 0.421417
69.0191 69.0177 0.425927
69.0358 69.0363 0.401804
69.0681 69.0635 0.433156
69.0971 69.0899 0.412185
69.1181 69.1109 0.437017
69.1437 69.1462 0.416841
69.1734 69.1606 0.427499
69.1629 69.1749 0.38369
69.1947 69.2045 0.39375
69.241 69.2366 0.429886
69.265 69.2533 0.435198
69.2859 69.2862 0.418659
69.3006 69.3089 0.414343
69.3145 69.3189 0.400304
69.372 69.368 0.430946
69.3928 69.3924 0.430732
69.4156 69.4104 0.431128
69.4367 69.4349 0.43492
69.4602 69.4656 0.425051
69.4886 69.4807 0.436372
69.5232 69.5176 0.444162
69.5323 69.5392 0.415038
69.5556 69.5714 0.407588
69.5847 69.5803 0.425303
69.6162 69.6178 0.407816
69.6353 69.6379 0.407133
69.6666 69.6696 0.420716
69.6771 69.6814 0.418383
69.7224 69.7255 0.426679
69.7244 69.7309 0.420118
69.758 69.759 0.412774
69.7747 69.7733 0.412953
69.816 69.8158 0.427572
69.8183 69.8303 0.389247
69.8441 69.8433 0.411988
69.8882 69.8792 0.434298
69.908 69.9065 0.426511
69.9435 69.9446 0.454696
69.9668 69.962 0.426077
69.9793 69.9794 0.43282
70.0217 70.0183 0.424335
70.03 70.0368 0.393188
70.0523 70.0586 0.420977
70.0697 70.0672 0.422233
70.1226 70.1087 0.452631
70.1323 70.1342 0.433072
70.1429 70.1498 0.410628
70.2046 70.2017 0.434527
70.2135 70.2193 0.419797
70.2552 70.2506 0.449951
70.2637 70.2653 0.427601
70.294 70.2933 0.438704
70.3114 70.3154 0.424792
70.3466 70.348 0.426202
70.3675 70.3577 0.446827
70.3749 70.3731 0.404822
70.4112 70.413 0.442356
70.4419 70.4418 0.441776
70.4581 70.4633 0.437868
70.5003 70.4972 0.465909
70.5122 70.5068 0.4452
70.5348 70.5294 0.426837
70.562 70.5715 0.436042
70.5781 70.5836 0.426338
70.5978 70.6022 0.39731
70.6235 70.6298 0.40805
70.6549 70.666 0.423172
70.6735 70.6795 0.40964
70.6949 70.7075 0.407406
70.7308 70.7489 0.404519
70.7642 70.7677 0.443957
70.7848 70.7821 0.438634
70.8173 70.8107 0.447131
70.8385 70.8416 0.415169
70.8791 70.8816 0.448559
70.8861 70.8867 0.444117
70.9043 70.9063 0.425286
70.9373 70.9342 0.428408
70.9651 70.9648 0.437312
71.001 70.9899 0.457078
71.0121 71.0061 0.453186
71.0375 71.0373 0.450261
71.048 71.0532 0.425922
71.1049 71.0978 0.464746
71.1318 71.1211 0.456853
71.1365 71.1378 0.439715
71.16 71.1664 0.458129
71.1965 71.1938 0.4361
71.2088 71.2088 0.425251
71.2348 71.2403 0.424396
71.2747 71.272 0.461628
71.2781 71.2787 0.441842
71.3089 71.311 0.424272
71.3558 71.3548 0.469647
71.3513 71.354 0.425942
71.3815 71.3841 0.432781
71.3952 71.3973 0.418273
71.4322 71.4348 0.423808
71.4716 71.4582 0.465176
71.4806 71.4836 0.442069
71.5156 71.5114 0.449951
71.5349 71.5477 0.449165
71.5489 71.5557 0.413502
71.5906 71.583 0.461641
71.6089 71.6079 0.455238
71.6269 71.6326 0.433757
71.6631 71.6571 0.443922
71.6981 71.6837 0.47064
71.7175 71.7137 0.44929
71.7388 71.7342 0.46961
71.7501 71.7507 0.434265
71.78 71.7849 0.435947
71.8205 71.8182 0.464228
71.8427 71.8411 0.469008
71.8721 71.8678 0.462056
71.8714 71.8724 0.413869
71.9091 71.918 0.43154
71.9255 71.9318 0.439474
71.9777 71.9648 0.480155
71.9785 71.9791 0.434423
72.0231 72.0267 0.43
72.0479 72.0519 0.468836
72.0655 72.0666 0.455594
72.0682 72.0752 0.42475
72.1349 72.1279 0.476784
72.1396 72.1481 0.446513
72.1554 72.1596 0.454548
72.1853 72.1875 0.45645
72.2106 72.2129 0.45482
72.2384 72.2471 0.450891
72.2653 72.2636 0.452382
72.2866 72.2866 0.439036
72.3103 72.3112 0.448863
72.3214 72.3185 0.435418
72.3642 72.3632 0.438587
72.3707 72.3769 0.426679
72.3963 72.4004 0.421573
72.4304 72.4333 0.437482
72.4653 72.4623 0.463714
72.482 72.4803 0.453151
72.496 72.5055 0.432785
72.5399 72.5376 0.475154
72.5728 72.5628 0.491033
72.5902 72.5935 0.463384
72.623 72.618 0.48115
72.641 72.6429 0.468696
72.6586 72.6557 0.460693
72.6821 72.6872 0.466182
72.7161 72.7073 0.457373
72.7326 72.7364 0.450322
72.7676 72.7727 0.440689
72.7644 72.7712 0.437288
72.8095 72.8186 0.450868
72.8306 72.8313 0.45819
72.8703 72.8706 0.472023
72.9037 72.8962 0.489495
72.9081 72.917 0.448403
72.9322 72.9317 0.461508
72.9587 72.9674 0.450192
72.9901 72.9894 0.465749
73.018 73.015 0.475616
73.0353 73.036 0.456043
73.0853 73.0779 0.511234
73.0949 73.0952 0.46883
73.112 73.1112 0.475944
73.1407 73.1339 0.466109
73.1777 73.1662 0.481262
73.168 73.1772 0.439469
73.2017 73.2024 0.471974
73.2241 73.2303 0.447441
73.2654 73.2708 0.463746
73.2937 73.2891 0.482932
73.3034 73.3041 0.453918
73.3532 73.3443 0.491119
73.3635 73.3636 0.460508
73.3794 73.3863 0.448388
73.4057 73.4158 0.461558
73.447 73.4403 0.475924
73.4696 73.4623 0.493788
73.5016 73.4848 0.482071
73.5295 73.5335 0.477823
73.5248 73.5278 0.448311
73.5703 73.5604 0.459163
73.6025 73.6067 0.472923
73.6036 73.6023 0.463347
73.6375 73.6407 0.467456
73.6388 73.6477 0.443274
73.6891 73.6923 0.479055
73.7123 73.7142 0.465206
73.7359 73.7358 0.477522
73.7539 73.758 0.469273
73.7746 73.7806 0.460054
73.8008 73.8029 0.457546
73.8382 73.8424 0.483104
73.8508 73.8545 0.467187
73.8718 73.8792 0.461269
73.9163 73.9147 0.486834
73.9464 73.951 0.481843
73.9769 73.9781 0.499315
74.0032 73.9911 0.504431
74.0219 74.0186 0.484651
74.048 74.0502 0.483878
74.0614 74.0651 0.470729
74.1089 74.095 0.505765
74.1136 74.1067 0.475467
74.1288 74.1312 0.466993
74.1484 74.1515 0.474752
74.19 74.1893 0.478709
74.2107 74.2091 0.478864
74.2459 74.2513 0.477886
74.2704 74.2652 0.484119
74.3042 74.2973 0.49621
74.3072 74.3015 0.483701
74.35 74.3479 0.489113
74.3592 74.3566 0.485946
74.396 74.3929 0.495332
74.4138 74.4053 0.488751
74.4428 74.4391 0.490966
74.4686 74.4648 0.500415
74.4836 74.4835 0.473425
74.5117 74.5077 0.493491
74.5342 74.5316 0.487145
74.5768 74.5731 0.489825
74.5826 74.5763 0.491575
74.6055 74.6056 0.479724
74.6489 74.6452 0.492155
74.667 74.6573 0.47742
74.6999 74.7014 0.497692
74.7184 74.7136 0.497915
74.7395 74.7311 0.50608
74.7758 74.7667 0.513421
74.7821 74.7915 0.47474
74.817 74.8172 0.497154
74.829 74.8279 0.471753
74.8586 74.86 0.487842
74.8958 74.8974 0.481117
74.9222 74.9261 0.49789
74.9534 74.9547 0.498743
74.9522 74.9602 0.473212
74.9799 74.9874 0.477899
75.0287 75.0222 0.508294
75.0511 75.0529 0.480434
75.0587 75.0664 0.48576
75.0823 75.0855 0.479317
75.119 75.1224 0.502839
75.1421 75.1331 0.49952
75.1585 75.17 0.489847
75.2034 75.197 0.52398
75.2081 75.2078 0.476824
75.2238 75.2266 0.462507
75.2565 75.2631 0.497929
75.2882 75.2888 0.495781
75.3116 75.3094 0.507961
75.3289 75.3324 0.49458
75.3618 75.3634 0.484705
75.3831 75.387 0.501554
75.403 75.4101 0.468955
75.4372 75.4261 0.484954
75.4476 75.4409 0.494293
75.4993 75.4955 0.524446
75.5206 75.5178 0.491128
75.5425 75.5482 0.502324
75.5559 75.5689 0.48534
75.5744 75.5881 0.458781
75.5999 75.6017 0.494977
75.6343 75.6265 0.500269
75.6593 75.6547 0.491908
75.6764 75.6737 0.475902
75.713 75.7114 0.511886
75.7609 75.7422 0.549888
75.77 75.762 0.502006
75.7914 75.7931 0.51235
75.8116 75.8169 0.49376
75.835 75.8407 0.490905
75.8682 75.8657 0.475683
75.8901 75.8848 0.516769
75.8959 75.9037 0.468462
75.9425 75.9347 0.509474
75.9814 75.9743 0.528066
75.98 75.9872 0.483796
76.0222 76.0135 0.517703
76.0308 76.0341 0.481744
