0.06 0.06 6e-06
0.18 0.18 1.8e-05
0.36 0.36 3.6e-05
0.6 0.6 6e-05
0.9 0.9 9e-05
1.26 1.26 0.000126
1.68 1.68 0.000168
2.16 2.16 0.000216
2.7 2.7 0.00027
3.3 3.3 0.00033
3.96 3.96 0.000396
4.68 4.68 0.000468
5.46 5.46 0.000546
6.3 6.3 0.00063
7.2 7.2 0.00072
8.16 8.16 0.000816
9.18 9.18 0.000918
10.26 10.26 0.001026
11.4 11.4 0.00114
12.6 12.6 0.00126
13.86 13.86 0.001386
15.18 15.18 0.001518
16.56 16.56 0.001656
18 18 0.0018
19.5 19.5 0.00195
21.06 21.06 0.002106
22.68 22.68 0.002268
24.36 24.36 0.002436
26.1 26.1 0.00261
27.9 27.9 0.00279
29.76 29.76 0.002976
31.68 31.68 0.003168
33.66 33.66 0.003366
35.7 35.7 0.00357
37.8 37.8 0.00378
39.96 39.96 0.003996
42.18 42.18 0.004218
44.46 44.46 0.004446
46.8 46.8 0.00468
49.2 49.2 0.00492
51.66 51.66 0.005166
54.18 54.18 0.005418
56.76 56.76 0.005676
59.4 59.4 0.00594
62.1 62.1 0.00621
64.86 64.86 0.006486
67.68 67.68 0.006768
70.56 70.56 0.007056
73.5 73.5 0.00735
76.5 76.5 0.00765
79.56 79.56 0.007956
82.68 82.68 0.008268
85.86 85.86 0.008586
89.1 89.1 0.00891
92.4 92.4 0.00924
95.76 95.76 0.009576
99.18 99.18 0.009918
102.66 102.66 0.010266
106.2 106.2 0.01062
109.8 109.8 0.01098
113.46 113.46 0.011346
117.18 117.18 0.011718
120.96 120.96 0.012096
124.8 124.8 0.01248
128.7 128.7 0.01287
132.66 132.66 0.013266
136.68 136.68 0.013668
140.76 140.76 0.014076
144.9 144.9 0.01449
149.1 149.1 0.01491
153.36 153.36 0.015336
157.68 157.68 0.015768
162.06 162.06 0.016206
166.5 166.5 0.01665
171 171 0.0171
175.56 175.56 0.017556
180.18 180.18 0.018018
184.86 184.86 0.018486
189.6 189.6 0.01896
194.4 194.4 0.01944
199.26 199.26 0.019926
204.18 204.18 0.020418
209.16 209.16 0.020916
214.2 214.2 0.02142
219.3 219.3 0.02193
224.46 224.46 0.022446
229.68 229.68 0.022968
234.96 234.96 0.023496
240.3 240.3 0.02403
245.7 245.7 0.02457
251.16 251.16 0.025116
256.68 256.68 0.025668
262.26 262.26 0.026226
267.9 267.9 0.02679
273.6 273.6 0.02736
279.36 279.36 0.027936
285.18 285.18 0.028518
291.06 291.06 0.029106
297 297 0.0297
303 303 0.0303
309.06 309.06 0.030906
315.18 315.18 0.031518
321.36 321.36 0.032136
327.6 327.6 0.03276
333.9 333.9 0.03339
340.26 340.26 0.034026
346.68 346.68 0.034668
353.16 353.16 0.035316
359.7 359.7 0.03597
366.3 366.3 0.03663
372.96 372.96 0.037296
379.68 379.68 0.037968
386.46 386.46 0.038646
393.3 393.3 0.03933
400.2 400.2 0.04002
407.16 407.16 0.040716
414.18 414.18 0.041418
421.26 421.26 0.042126
428.4 428.4 0.04284
435.6 435.6 0.04356
442.86 442.86 0.044286
450.18 450.18 0.045018
457.56 457.56 0.045756
465 465 0.0465
472.5 472.5 0.04725
480.06 480.06 0.048006
487.68 487.68 0.048768
495.36 495.36 0.049536
503.1 503.1 0.05031
510.9 510.9 0.05109
518.76 518.76 0.051876
526.68 526.68 0.052668
534.66 534.66 0.053466
542.7 542.7 0.05427
550.8 550.8 0.05508
558.96 558.96 0.055896
567.18 567.18 0.056718
575.46 575.46 0.057546
583.8 583.8 0.05838
592.2 592.2 0.05922
600.66 600.66 0.060066
609.18 609.18 0.060918
617.76 617.76 0.0617759
626.4 626.4 0.0626399
635.1 635.1 0.0635099
643.86 643.86 0.0643859
652.68 652.68 0.0652679
661.56 661.56 0.0661559
670.5 670.5 0.0670499
679.5 679.5 0.0679499
688.56 688.56 0.0688559
697.68 697.68 0.0697679
706.86 706.86 0.0706859
716.1 716.1 0.0716099
725.4 725.4 0.0725399
734.76 734.76 0.0734759
744.18 744.18 0.0744179
753.66 753.66 0.0753659
763.2 763.2 0.0763199
772.8 772.8 0.0772799
782.46 782.46 0.0782459
792.18 792.18 0.0792179
801.96 801.96 0.0801959
811.8 811.8 0.0811799
821.7 821.7 0.0821699
831.66 831.66 0.0831659
841.68 841.68 0.0841679
851.76 851.76 0.0851759
861.9 861.9 0.0861899
872.1 872.1 0.0872099
882.36 882.36 0.0882359
892.68 892.68 0.0892679
903.06 903.06 0.0903059
913.5 913.5 0.0913499
924 924 0.0923999
934.56 934.56 0.0934559
945.18 945.18 0.0945179
955.86 955.86 0.0955859
966.6 966.6 0.0966599
977.4 977.4 0.0977399
988.26 988.26 0.0988259
999.18 999.18 0.0999179
1010.16 1010.16 0.101016
1021.2 1021.2 0.10212
1032.3 1032.3 0.10323
1043.46 1043.46 0.104346
1054.68 1054.68 0.105468
1065.96 1065.96 0.106596
1077.3 1077.3 0.10773
1088.7 1088.7 0.10887
1100.16 1100.16 0.110016
1111.68 1111.68 0.111168
1123.26 1123.26 0.112326
1134.9 1134.9 0.11349
1146.6 1146.6 0.11466
1158.36 1158.36 0.115836
1170.18 1170.18 0.117018
1182.06 1182.06 0.118206
1194 1194 0.1194
1206 1206 0.1206
1218.06 1218.06 0.121806
1230.18 1230.18 0.123018
1242.36 1242.36 0.124236
1254.6 1254.6 0.12546
1266.9 1266.9 0.12669
1279.26 1279.26 0.127926
1291.68 1291.68 0.129168
1304.16 1304.16 0.130416
1316.7 1316.7 0.13167
1329.3 1329.3 0.13293
1341.96 1341.96 0.134196
1354.68 1354.68 0.135468
1367.46 1367.46 0.136746
1380.3 1380.3 0.13803
1393.2 1393.2 0.13932
1406.16 1406.16 0.140616
1419.18 1419.18 0.141918
1432.26 1432.26 0.143226
1445.4 1445.4 0.14454
1458.6 1458.6 0.14586
1471.86 1471.86 0.147186
1485.18 1485.18 0.148518
1498.56 1498.56 0.149856
1512 1512 0.1512
1525.5 1525.5 0.15255
1539.06 1539.06 0.153906
1552.68 1552.68 0.155268
1566.36 1566.36 0.156636
1580.1 1580.1 0.15801
1593.9 1593.9 0.15939
1607.76 1607.76 0.160776
1621.68 1621.68 0.162168
1635.66 1635.66 0.163566
1649.7 1649.7 0.16497
1663.8 1663.8 0.16638
1677.96 1677.96 0.167796
1692.18 1692.18 0.169218
1706.46 1706.46 0.170646
1720.8 1720.8 0.17208
1735.2 1735.2 0.17352
1749.66 1749.66 0.174966
1764.18 1764.18 0.176418
1778.76 1778.76 0.177876
1793.4 1793.4 0.17934
1808.1 1808.1 0.18081
1822.86 1822.86 0.182286
1837.68 1837.68 0.183768
1852.56 1852.56 0.185256
1867.5 1867.5 0.18675
1882.5 1882.5 0.18825
1897.5 1897.5 0.189756
1912.5 1912.5 0.191268
1927.5 1927.5 0.192786
1942.5 1942.5 0.19431
1957.5 1957.5 0.19584
1972.5 1972.5 0.197376
1987.5 1987.5 0.198918
2002.5 2002.5 0.200466
2017.5 2017.5 0.20202
2032.5 2032.5 0.20358
2047.5 2047.5 0.205146
2062.5 2062.5 0.206718
2077.5 2077.5 0.208296
2092.5 2092.5 0.20988
2107.5 2107.5 0.21147
2122.5 2122.5 0.213066
2137.5 2137.5 0.214668
2152.5 2152.5 0.216276
2167.5 2167.5 0.21789
2182.5 2182.5 0.21951
2197.5 2197.5 0.221136
2212.5 2212.5 0.222768
2227.5 2227.5 0.224406
2242.5 2242.5 0.22605
2257.5 2257.5 0.2277
2272.5 2272.5 0.229356
2287.5 2287.5 0.231018
2302.5 2302.5 0.232686
2317.5 2317.5 0.23436
2332.5 2332.5 0.23604
2347.5 2347.5 0.237726
2362.5 2362.5 0.239418
2377.5 2377.5 0.241116
2392.5 2392.5 0.24282
2407.5 2407.5 0.24453
2422.5 2422.5 0.246246
2437.5 2437.5 0.247968
2452.5 2452.5 0.249696
2467.5 2467.5 0.25143
2482.5 2482.5 0.25317
2497.5 2497.5 0.254916
2512.5 2512.5 0.256668
2527.5 2527.5 0.258426
2542.5 2542.5 0.26019
2557.5 2557.5 0.26196
2572.5 2572.5 0.263736
2587.5 2587.5 0.265518
2602.5 2602.5 0.267306
2617.5 2617.5 0.2691
2632.5 2632.5 0.2709
2647.5 2647.5 0.272706
2662.5 2662.5 0.274518
2677.5 2677.5 0.276336
2692.5 2692.5 0.27816
2707.5 2707.5 0.27999
2722.5 2722.5 0.281826
2737.5 2737.5 0.283668
2752.5 2752.5 0.285516
2767.5 2767.5 0.28737
2782.5 2782.5 0.28923
2797.5 2797.5 0.291096
2812.5 2812.5 0.292968
2827.5 2827.5 0.294846
2842.5 2842.5 0.29673
2857.5 2857.5 0.29862
2872.5 2872.5 0.300516
2887.5 2887.5 0.302418
2902.5 2902.5 0.304326
2917.5 2917.5 0.30624
2932.5 2932.5 0.30816
2947.5 2947.5 0.310086
2962.5 2962.5 0.312018
2977.5 2977.5 0.313956
2992.5 2992.5 0.3159
3007.5 3007.5 0.31785
3022.5 3022.5 0.319806
3037.5 3037.5 0.321768
3052.5 3052.5 0.323736
3067.5 3067.5 0.32571
3082.5 3082.5 0.32769
3097.5 3097.5 0.329676
3112.5 3112.5 0.331668
3127.5 3127.5 0.333666
3142.5 3142.5 0.33567
3157.5 3157.5 0.33768
3172.5 3172.5 0.339696
3187.5 3187.5 0.341718
3202.5 3202.5 0.343746
3217.5 3217.5 0.34578
3232.5 3232.5 0.34782
3247.5 3247.5 0.349866
3262.5 3262.5 0.351918
3277.5 3277.5 0.353976
3292.5 3292.5 0.35604
3307.5 3307.5 0.35811
3322.5 3322.5 0.360186
3337.5 3337.5 0.362268
3352.5 3352.5 0.364356
3367.5 3367.5 0.36645
3382.5 3382.5 0.36855
3397.5 3397.5 0.370656
3412.5 3412.5 0.372768
3427.5 3427.5 0.374886
3442.5 3442.5 0.37701
3457.5 3457.5 0.37914
3472.5 3472.5 0.381276
3487.5 3487.5 0.383418
3502.5 3502.5 0.385566
3517.5 3517.5 0.38772
3532.5 3532.5 0.38988
3547.5 3547.5 0.392046
3562.5 3562.5 0.394218
3577.5 3577.5 0.396396
3592.5 3592.5 0.39858
3607.5 3607.5 0.40077
3622.5 3622.5 0.402966
3637.5 3637.5 0.405168
3652.5 3652.5 0.407376
3667.5 3667.5 0.40959
3682.5 3682.5 0.41181
3697.5 3697.5 0.414036
3712.5 3712.5 0.416268
3727.5 3727.5 0.418506
3742.5 3742.5 0.42075
3757.5 3757.5 0.423
3772.5 3772.5 0.425256
3787.5 3787.5 0.427518
3802.5 3802.5 0.429786
3817.5 3817.5 0.43206
3832.5 3832.5 0.43434
3847.5 3847.5 0.436626
3862.5 3862.5 0.438918
3877.5 3877.5 0.441216
3892.5 3892.5 0.44352
3907.5 3907.5 0.44583
3922.5 3922.5 0.448146
3937.5 3937.5 0.450468
3952.5 3952.5 0.452796
3967.5 3967.5 0.45513
3982.5 3982.5 0.45747
3997.5 3997.5 0.459816
4012.5 4012.5 0.462168
4027.5 4027.5 0.464526
4042.5 4042.5 0.46689
4057.5 4057.5 0.46926
4072.5 4072.5 0.471636
4087.5 4087.5 0.474018
4102.5 4102.5 0.476406
4117.5 4117.5 0.4788
4132.5 4132.5 0.4812
4147.5 4147.5 0.483606
4162.5 4162.5 0.486018
4177.5 4177.5 0.488436
4192.5 4192.5 0.49086
4207.5 4207.5 0.49329
4222.5 4222.5 0.495726
4237.5 4237.5 0.498168
4252.5 4252.5 0.500616
4267.5 4267.5 0.50307
4282.5 4282.5 0.50553
4297.5 4297.5 0.507996
4312.5 4312.5 0.510468
4327.5 4327.5 0.512946
4342.5 4342.5 0.51543
4357.5 4357.5 0.51792
4372.5 4372.5 0.520416
4387.5 4387.5 0.522918
4402.5 4402.5 0.525426
4417.5 4417.5 0.52794
4432.5 4432.5 0.53046
4447.5 4447.5 0.532986
4462.5 4462.5 0.535518
4477.5 4477.5 0.538056
4492.5 4492.5 0.5406
4507.5 4507.5 0.54315
4522.5 4522.5 0.545706
4537.5 4537.5 0.548268
4552.5 4552.5 0.550836
4567.5 4567.5 0.55341
4582.5 4582.5 0.55599
4597.5 4597.5 0.558576
4612.5 4612.5 0.561168
4627.5 4627.5 0.563766
4642.5 4642.5 0.56637
4657.5 4657.5 0.56898
4672.5 4672.5 0.571596
4687.5 4687.5 0.574218
4702.5 4702.5 0.576846
4717.5 4717.5 0.57948
4732.5 4732.5 0.58212
4747.5 4747.5 0.584766
4762.5 4762.5 0.587418
4777.5 4777.5 0.590076
4792.5 4792.5 0.59274
4807.5 4807.5 0.59541
4822.5 4822.5 0.598086
4837.5 4837.5 0.600768
4852.5 4852.5 0.603456
4867.5 4867.5 0.60615
4882.5 4882.5 0.60885
4897.5 4897.5 0.611556
4912.5 4912.5 0.614268
4927.5 4927.5 0.616986
4942.5 4942.5 0.61971
4957.5 4957.5 0.62244
4972.5 4972.5 0.625176
4987.5 4987.5 0.627918
5002.5 5002.5 0.630666
5017.5 5017.5 0.63342
5032.5 5032.5 0.63618
5047.5 5047.5 0.638946
5062.5 5062.5 0.641718
5077.5 5077.5 0.644496
5092.5 5092.5 0.64728
5107.5 5107.5 0.65007
5122.5 5122.5 0.652866
5137.5 5137.5 0.655668
5152.5 5152.5 0.658476
5167.5 5167.5 0.66129
5182.5 5182.5 0.66411
5197.5 5197.5 0.666936
5212.5 5212.5 0.669768
5227.5 5227.5 0.672606
5242.5 5242.5 0.67545
5257.5 5257.5 0.6783
5272.5 5272.5 0.681156
5287.5 5287.5 0.684018
5302.5 5302.5 0.686886
5317.5 5317.5 0.689761
5332.5 5332.5 0.692641
5347.5 5347.5 0.695527
5362.5 5362.5 0.698419
5377.5 5377.5 0.701317
5392.5 5392.5 0.704221
5407.5 5407.5 0.707131
5422.5 5422.5 0.710047
5437.5 5437.5 0.712969
5452.5 5452.5 0.715897
5467.5 5467.5 0.718831
5482.5 5482.5 0.721771
5497.5 5497.5 0.724717
5512.5 5512.5 0.727669
5527.5 5527.5 0.730627
5542.5 5542.5 0.733591
5557.5 5557.5 0.736561
5572.5 5572.5 0.739537
5587.5 5587.5 0.742519
5602.5 5602.5 0.745507
5617.5 5617.5 0.748501
5632.5 5632.5 0.751501
5647.5 5647.5 0.754507
5662.5 5662.5 0.757519
5677.5 5677.5 0.760537
5692.5 5692.5 0.763561
5707.5 5707.5 0.766591
5722.5 5722.5 0.769627
5737.5 5737.5 0.772669
5752.5 5752.5 0.775717
5767.5 5767.5 0.778771
5782.5 5782.5 0.781831
5797.5 5797.5 0.784897
5812.5 5812.5 0.787969
5827.5 5827.5 0.791047
5842.5 5842.5 0.794131
5857.5 5857.5 0.797221
5872.5 5872.5 0.800317
5887.5 5887.5 0.803419
5902.5 5902.5 0.806527
5917.5 5917.5 0.809641
5932.5 5932.5 0.812761
5947.5 5947.5 0.815887
5962.5 5962.5 0.819019
5977.5 5977.5 0.822157
5992.5 5992.5 0.825301
6007.5 6007.5 0.828452
6022.5 6022.5 0.831608
6037.5 6037.5 0.83477
6052.5 6052.5 0.837938
6067.5 6067.5 0.841112
6082.5 6082.5 0.844292
6097.5 6097.5 0.847478
6112.5 6112.5 0.85067
6127.5 6127.5 0.853868
6142.5 6142.5 0.857072
6157.5 6157.5 0.860282
6172.5 6172.5 0.863498
6187.5 6187.5 0.86672
6202.5 6202.5 0.869948
6217.5 6217.5 0.873182
6232.5 6232.5 0.876422
6247.5 6247.5 0.879668
6262.5 6262.5 0.88292
6277.5 6277.5 0.886178
6292.5 6292.5 0.889442
6307.5 6307.5 0.892712
6322.5 6322.5 0.895988
6337.5 6337.5 0.89927
6352.5 6352.5 0.902558
6367.5 6367.5 0.905852
6382.5 6382.5 0.909152
6397.5 6397.5 0.912458
6412.5 6412.5 0.91577
6427.5 6427.5 0.919088
6442.5 6442.5 0.922412
6457.5 6457.5 0.925742
6472.5 6472.5 0.929078
6487.5 6487.5 0.93242
6502.5 6502.5 0.935768
6517.5 6517.5 0.939122
6532.5 6532.5 0.942482
6547.5 6547.5 0.945848
6562.5 6562.5 0.94922
6577.5 6577.5 0.952598
6592.5 6592.5 0.955982
6607.5 6607.5 0.959372
6622.5 6622.5 0.962768
6637.5 6637.5 0.96617
6652.5 6652.5 0.969579
6667.5 6667.5 0.972993
6682.5 6682.5 0.976413
6697.5 6697.5 0.979839
6712.5 6712.5 0.983271
6727.5 6727.5 0.986709
6742.5 6742.5 0.990153
6757.5 6757.5 0.993603
6772.5 6772.5 0.997059
6787.5 6787.5 1.00052
6802.5 6802.5 1.00399
6817.5 6817.5 1.00746
6832.5 6832.5 1.01094
6847.5 6847.5 1.01443
6862.5 6862.5 1.01792
6877.5 6877.5 1.02142
6892.5 6892.5 1.02492
6907.5 6907.5 1.02843
6922.5 6922.5 1.03195
6937.5 6937.5 1.03547
6952.5 6952.5 1.039
6967.5 6967.5 1.04253
6982.5 6982.5 1.04607
6997.5 6997.5 1.04962
7012.5 7012.5 1.05317
7027.5 7027.5 1.05673
7042.5 7042.5 1.06029
7057.5 7057.5 1.06386
7072.5 7072.5 1.06744
7087.5 7087.5 1.07102
7102.5 7102.5 1.07461
7117.5 7117.5 1.0782
7132.5 7132.5 1.0818
7147.5 7147.5 1.08541
7162.5 7162.5 1.08902
7177.5 7177.5 1.09264
7192.5 7192.5 1.09626
7207.5 7207.5 1.09989
7222.5 7222.5 1.10353
7237.5 7237.5 1.10717
7252.5 7252.5 1.11082
7267.5 7267.5 1.11447
7282.5 7282.5 1.11813
7297.5 7297.5 1.1218
7312.5 7312.5 1.12547
7327.5 7327.5 1.12915
7342.5 7342.5 1.13283
7357.5 7357.5 1.13652
7372.5 7372.5 1.14022
7387.5 7387.5 1.14392
7402.5 7402.5 1.14763
7417.5 7417.5 1.15134
7432.5 7432.5 1.15506
7447.5 7447.5 1.15879
7462.5 7462.5 1.16252
7477.5 7477.5 1.16626
7492.5 7492.5 1.17
7507.5 7507.5 1.17375
7522.5 7522.5 1.17751
7537.5 7537.5 1.18127
7552.5 7552.5 1.18504
7567.5 7567.5 1.18881
7582.5 7582.5 1.19259
7597.5 7597.5 1.19638
7612.5 7612.5 1.20017
7627.5 7627.5 1.20397
7642.5 7642.5 1.20778
7657.5 7657.5 1.21159
7672.5 7672.5 1.2154
7687.5 7687.5 1.21922
7702.5 7702.5 1.22305
7717.5 7717.5 1.22689
7732.5 7732.5 1.23073
7747.5 7747.5 1.23457
7762.5 7762.5 1.23842
7777.5 7777.5 1.24228
7792.5 7792.5 1.24615
7807.5 7807.5 1.25002
7822.5 7822.5 1.25389
7837.5 7837.5 1.25777
7852.5 7852.5 1.26166
7867.5 7867.5 1.26556
7882.5 7882.5 1.26946
7897.5 7897.5 1.27336
7912.5 7912.5 1.27727
7927.5 7927.5 1.28119
7942.5 7942.5 1.28512
7957.5 7957.5 1.28905
7972.5 7972.5 1.29298
7987.5 7987.5 1.29692
8002.5 8002.5 1.30087
8017.5 8017.5 1.30483
8032.5 8032.5 1.30879
8047.5 8047.5 1.31275
8062.5 8062.5 1.31672
8077.5 8077.5 1.3207
8092.5 8092.5 1.32469
8107.5 8107.5 1.32868
8122.5 8122.5 1.33267
8137.5 8137.5 1.33667
8152.5 8152.5 1.34068
8167.5 8167.5 1.3447
8182.5 8182.5 1.34872
8197.5 8197.5 1.35274
8212.5 8212.5 1.35677
8227.5 8227.5 1.36081
8242.5 8242.5 1.36486
8257.5 8257.5 1.36891
8272.5 8272.5 1.37296
8287.5 8287.5 1.37702
8302.5 8302.5 1.38109
8317.5 8317.5 1.38517
8332.5 8332.5 1.38925
8347.5 8347.5 1.39333
8362.5 8362.5 1.39742
8377.5 8377.5 1.40152
8392.5 8392.5 1.40563
8407.5 8407.5 1.40974
8422.5 8422.5 1.41385
8437.5 8437.5 1.41797
8452.5 8452.5 1.4221
8467.5 8467.5 1.42624
8482.5 8482.5 1.43038
8497.5 8497.5 1.43452
8512.5 8512.5 1.43867
8527.5 8527.5 1.44283
8542.5 8542.5 1.447
8557.5 8557.5 1.45117
8572.5 8572.5 1.45534
8587.5 8587.5 1.45952
8602.5 8602.5 1.46371
8617.5 8617.5 1.46791
8632.5 8632.5 1.47211
8647.5 8647.5 1.47631
8662.5 8662.5 1.48052
8677.5 8677.5 1.48474
8692.5 8692.5 1.48897
8707.5 8707.5 1.4932
8722.5 8722.5 1.49743
8737.5 8737.5 1.50167
8752.5 8752.5 1.50592
8767.5 8767.5 1.51018
8782.5 8782.5 1.51444
8797.5 8797.5 1.5187
8812.5 8812.5 1.52297
8827.5 8827.5 1.52725
8842.5 8842.5 1.53154
8857.5 8857.5 1.53583
8872.5 8872.5 1.54012
8887.5 8887.5 1.54443
8902.5 8902.5 1.54873
8917.5 8917.5 1.55305
8932.5 8932.5 1.55737
8947.5 8947.5 1.56169
8962.5 8962.5 1.56603
8977.5 8977.5 1.57036
8992.5 8992.5 1.57471
9007.5 9007.5 1.57906
9022.5 9022.5 1.58341
9037.5 9037.5 1.58778
9052.5 9052.5 1.59214
9067.5 9067.5 1.59652
9082.5 9082.5 1.6009
9097.5 9097.5 1.60528
9112.5 9112.5 1.60968
9127.5 9127.5 1.61407
9142.5 9142.5 1.61848
9157.5 9157.5 1.62289
9172.5 9172.5 1.6273
9187.5 9187.5 1.63173
9202.5 9202.5 1.63615
9217.5 9217.5 1.64059
9232.5 9232.5 1.64503
9247.5 9247.5 1.64947
9262.5 9262.5 1.65393
9277.5 9277.5 1.65838
9292.5 9292.5 1.66285
9307.5 9307.5 1.66732
9322.5 9322.5 1.67179
9337.5 9337.5 1.67628
9352.5 9352.5 1.68076
9367.5 9367.5 1.68526
9382.5 9382.5 1.68976
9397.5 9397.5 1.69426
9412.5 9412.5 1.69878
9427.5 9427.5 1.70329
9442.5 9442.5 1.70782
9457.5 9457.5 1.71235
9472.5 9472.5 1.71688
9487.5 9487.5 1.72143
9502.5 9502.5 1.72597
9517.5 9517.5 1.73053
9532.5 9532.5 1.73509
9547.5 9547.5 1.73965
9562.5 9562.5 1.74423
9577.5 9577.5 1.7488
9592.5 9592.5 1.75339
9607.5 9607.5 1.75798
9622.5 9622.5 1.76257
9637.5 9637.5 1.76718
9652.5 9652.5 1.77178
9667.5 9667.5 1.7764
9682.5 9682.5 1.78102
9697.5 9697.5 1.78564
9712.5 9712.5 1.79028
9727.5 9727.5 1.79491
9742.5 9742.5 1.79956
9757.5 9757.5 1.80421
9772.5 9772.5 1.80886
9787.5 9787.5 1.81353
9802.5 9802.5 1.81819
9817.5 9817.5 1.82287
9832.5 9832.5 1.82755
9847.5 9847.5 1.83224
9862.5 9862.5 1.83693
9877.5 9877.5 1.84163
9892.5 9892.5 1.84633
9907.5 9907.5 1.85104
9922.5 9922.5 1.85576
9937.5 9937.5 1.86048
9952.5 9952.5 1.86521
9967.5 9967.5 1.86994
9982.5 9982.5 1.87468
9997.5 9997.5 1.87943
10012.5 10012.5 1.88418
10027.5 10027.5 1.88894
10042.5 10042.5 1.8937
10057.5 10057.5 1.89847
10072.5 10072.5 1.90325
10087.5 10087.5 1.90803
10102.5 10102.5 1.91282
10117.5 10117.5 1.91761
10132.5 10132.5 1.92241
10147.5 10147.5 1.92722
10162.5 10162.5 1.93203
10177.5 10177.5 1.93685
10192.5 10192.5 1.94167
10207.5 10207.5 1.9465
10222.5 10222.5 1.95134
10237.5 10237.5 1.95618
10252.5 10252.5 1.96103
10267.5 10267.5 1.96588
10282.5 10282.5 1.97074
10297.5 10297.5 1.97561
10312.5 10312.5 1.98048
10327.5 10327.5 1.98536
10342.5 10342.5 1.99024
10357.5 10357.5 1.99513
10372.5 10372.5 2.00003
10387.5 10387.5 2.00493
10402.5 10402.5 2.00984
10417.5 10417.5 2.01475
10432.5 10432.5 2.01967
10447.5 10447.5 2.0246
10462.5 10462.5 2.02953
10477.5 10477.5 2.03447
10492.5 10492.5 2.03941
10507.5 10507.5 2.04436
10522.5 10522.5 2.04932
10537.5 10537.5 2.05428
10552.5 10552.5 2.05925
10567.5 10567.5 2.06422
10582.5 10582.5 2.0692
10597.5 10597.5 2.07419
10612.5 10612.5 2.07918
10627.5 10627.5 2.08418
10642.5 10642.5 2.08918
10657.5 10657.5 2.09419
10672.5 10672.5 2.09921
10687.5 10687.5 2.10423
10702.5 10702.5 2.10926
10717.5 10717.5 2.11429
10732.5 10732.5 2.11933
10747.5 10747.5 2.12438
10762.5 10762.5 2.12943
10777.5 10777.5 2.13449
10792.5 10792.5 2.13955
10807.5 10807.5 2.14462
10822.5 10822.5 2.1497
10837.5 10837.5 2.15478
10852.5 10852.5 2.15987
10867.5 10867.5 2.16496
10882.5 10882.5 2.17006
10897.5 10897.5 2.17517
10912.5 10912.5 2.18028
10927.5 10927.5 2.1854
10942.5 10942.5 2.19052
10957.5 10957.5 2.19565
10972.5 10972.5 2.20079
10987.5 10987.5 2.20593
11002.5 11002.5 2.21108
11017.5 11017.5 2.21623
11032.5 11032.5 2.22139
11047.5 11047.5 2.22656
11062.5 11062.5 2.23173
11077.5 11077.5 2.23691
11092.5 11092.5 2.24209
11107.5 11107.5 2.24728
11122.5 11122.5 2.25248
11137.5 11137.5 2.25768
11152.5 11152.5 2.26289
11167.5 11167.5 2.2681
11182.5 11182.5 2.27332
11197.5 11197.5 2.27855
11212.5 11212.5 2.28378
11227.5 11227.5 2.28902
11242.5 11242.5 2.29426
11257.5 11257.5 2.29951
11272.5 11272.5 2.30477
11287.5 11287.5 2.31003
11302.5 11302.5 2.3153
11317.5 11317.5 2.32057
11332.5 11332.5 2.32585
11347.5 11347.5 2.33114
11362.5 11362.5 2.33643
11377.5 11377.5 2.34173
11392.5 11392.5 2.34703
11407.5 11407.5 2.35234
11422.5 11422.5 2.35766
11437.5 11437.5 2.36298
11452.5 11452.5 2.36831
11467.5 11467.5 2.37364
11482.5 11482.5 2.37898
11497.5 11497.5 2.38433
11512.5 11512.5 2.38968
11527.5 11527.5 2.39504
11542.5 11542.5 2.4004
11557.5 11557.5 2.40577
11572.5 11572.5 2.41115
11587.5 11587.5 2.41653
11602.5 11602.5 2.42192
11617.5 11617.5 2.42731
11632.5 11632.5 2.43271
11647.5 11647.5 2.43812
11662.5 11662.5 2.44353
11677.5 11677.5 2.44895
11692.5 11692.5 2.45438
11707.5 11707.5 2.45981
11722.5 11722.5 2.46524
11737.5 11737.5 2.47068
11752.5 11752.5 2.47613
11767.5 11767.5 2.48159
11782.5 11782.5 2.48705
11797.5 11797.5 2.49251
11812.5 11812.5 2.49798
11827.5 11827.5 2.50346
11842.5 11842.5 2.50895
11857.5 11857.5 2.51444
11872.5 11872.5 2.51993
11887.5 11887.5 2.52543
11902.5 11902.5 2.53094
11917.5 11917.5 2.53646
11932.5 11932.5 2.54198
11947.5 11947.5 2.5475
11962.5 11962.5 2.55303
11977.5 11977.5 2.55857
11992.5 11992.5 2.56412
12007.5 12007.5 2.56967
12022.5 12022.5 2.57522
12037.5 12037.5 2.58078
12052.5 12052.5 2.58635
12067.5 12067.5 2.59193
12082.5 12082.5 2.59751
12097.5 12097.5 2.60309
12112.5 12112.5 2.60868
12127.5 12127.5 2.61428
12142.5 12142.5 2.61989
12157.5 12157.5 2.6255
12172.5 12172.5 2.63111
12187.5 12187.5 2.63673
12202.5 12202.5 2.64236
12217.5 12217.5 2.648
12232.5 12232.5 2.65364
12247.5 12247.5 2.65928
12262.5 12262.5 2.66493
12277.5 12277.5 2.67059
12292.5 12292.5 2.67626
12307.5 12307.5 2.68193
12322.5 12322.5 2.6876
12337.5 12337.5 2.69329
12352.5 12352.5 2.69897
12367.5 12367.5 2.70467
12382.5 12382.5 2.71037
12397.5 12397.5 2.71607
12412.5 12412.5 2.72179
12427.5 12427.5 2.7275
12442.5 12442.5 2.73323
12457.5 12457.5 2.73896
12472.5 12472.5 2.74469
12487.5 12487.5 2.75044
12502.5 12502.5 2.75618
12517.5 12517.5 2.76194
12532.5 12532.5 2.7677
12547.5 12547.5 2.77346
12562.5 12562.5 2.77924
12577.5 12577.5 2.78501
12592.5 12592.5 2.7908
12607.5 12607.5 2.79659
12622.5 12622.5 2.80238
12637.5 12637.5 2.80819
12652.5 12652.5 2.81399
12667.5 12667.5 2.81981
12682.5 12682.5 2.82563
12697.5 12697.5 2.83145
12712.5 12712.5 2.83729
12727.5 12727.5 2.84312
12742.5 12742.5 2.84897
12757.5 12757.5 2.85482
12772.5 12772.5 2.86067
12787.5 12787.5 2.86654
12802.5 12802.5 2.8724
12817.5 12817.5 2.87828
12832.5 12832.5 2.88416
12847.5 12847.5 2.89005
12862.5 12862.5 2.89594
12877.5 12877.5 2.90184
12892.5 12892.5 2.90774
12907.5 12907.5 2.91365
12922.5 12922.5 2.91957
12937.5 12937.5 2.92549
12952.5 12952.5 2.93142
12967.5 12967.5 2.93735
12982.5 12982.5 2.94329
12997.5 12997.5 2.94924
13012.5 13012.5 2.95519
13027.5 13027.5 2.96115
13042.5 13042.5 2.96711
13057.5 13057.5 2.97308
13072.5 13072.5 2.97906
13087.5 13087.5 2.98504
13102.5 13102.5 2.99103
13117.5 13117.5 2.99702
13132.5 13132.5 3.00302
