0.06 0.06 0.06
0.18 0.18 0.18
0.36 0.36 0.36
0.6 0.6 0.6
0.9 0.9 0.9
1.26 1.26 1.26
1.68 1.68 1.68
2.16 2.16 2.16
2.7 2.7 2.7
3.3 3.3 3.3
3.96 3.96 3.96
4.68 4.68 4.68
5.46 5.46 5.46
6.3 6.3 6.3
7.2 7.2 7.2
8.16 8.16 8.16
9.18 9.18 9.18
10.26 10.26 10.26
11.4 11.4 11.4
12.6 12.6 12.6
13.86 13.86 12.6
15.18 15.18 12.6
16.56 16.56 12.6
18 18 12.6
19.5 19.5 12.6
21.06 21.06 12.6
22.68 22.68 12.6
24.36 24.36 12.6
26.1 26.1 12.6
27.9 27.9 12.6
29.76 29.76 12.6
31.68 31.68 12.6
33.66 33.66 12.6
35.7 35.7 12.6
37.8 37.8 12.6
39.96 39.96 12.6
42.18 42.18 12.6
44.46 44.46 12.6
46.8 46.8 12.6
49.2 49.2 12.6
51.66 51.66 12.6
54.18 54.18 12.6
56.76 56.76 12.6
59.4 59.4 12.6
62.1 62.1 12.6
64.86 64.86 12.6
67.68 67.68 12.6
70.56 70.56 12.6
73.5 73.5 12.6
76.5 76.5 12.6
79.56 79.56 12.6
82.68 82.68 12.6
85.86 85.86 12.6
89.1 89.1 12.6
92.4 92.4 12.6
95.76 95.76 12.6
99.18 99.18 12.6
102.66 102.66 12.6
106.2 106.2 12.6
109.8 109.8 12.6
113.46 113.46 12.6
117.18 117.18 12.6
120.96 120.96 12.6
124.8 124.8 12.6
128.7 128.7 12.6
132.66 132.66 12.6
136.68 136.68 12.6
140.76 140.76 12.6
144.9 144.9 12.6
149.1 149.1 12.6
153.36 153.36 12.6
157.68 157.68 12.6
162.06 162.06 12.6
166.5 166.5 12.6
171 171 12.6
175.56 175.56 12.6
180.18 180.18 12.6
184.86 184.86 12.6
189.6 189.6 12.6
194.4 194.4 12.6
199.26 199.26 12.6
204.18 204.18 12.6
209.16 209.16 12.6
214.2 214.2 12.6
219.3 219.3 12.6
224.46 224.46 12.6
229.68 229.68 12.6
234.96 234.96 12.6
240.3 240.3 12.6
245.7 245.7 12.6
251.16 251.16 12.6
256.68 256.68 12.6
262.26 262.26 12.6
267.9 267.9 12.6
273.6 273.6 12.6
279.36 279.36 12.6
285.18 285.18 12.6
291.06 291.06 12.6
297 297 12.6
303 303 12.6
309.06 309.06 12.6
315.18 315.18 12.6
321.36 321.36 12.6
327.6 327.6 12.6
333.9 333.9 12.6
340.26 340.26 12.6
346.68 346.68 12.6
353.16 353.16 12.6
359.7 359.7 12.6
366.3 366.3 12.6
372.96 372.96 12.6
379.68 379.68 12.6
386.46 386.46 12.6
393.3 393.3 12.6
400.2 400.2 12.6
407.16 407.16 12.6
414.18 414.18 12.6
421.26 421.26 12.6
428.4 428.4 12.6
435.6 435.6 12.6
442.86 442.86 12.6
450.18 450.18 12.6
457.56 457.56 12.6
465 465 12.6
472.5 472.5 12.6
480.06 480.06 12.6
487.68 487.68 12.6
495.36 495.36 12.6
503.1 503.1 12.6
510.9 510.9 12.6
518.76 518.76 12.6
526.68 526.68 12.6
534.66 534.66 12.6
542.7 542.7 12.6
550.8 550.8 12.6
558.96 558.96 12.6
567.18 567.18 12.6
575.46 575.46 12.6
583.8 583.8 12.6
592.2 592.2 12.6
600.66 600.66 12.6
609.18 609.18 12.6
617.76 617.76 12.6
626.4 626.4 12.6
635.1 635.1 12.6
643.86 643.86 12.6
652.68 652.68 12.6
661.56 661.56 12.6
670.5 670.5 12.6
679.5 679.5 12.6
688.56 688.56 12.6
697.68 697.68 12.6
706.86 706.86 12.6
716.1 716.1 12.6
725.4 725.4 12.6
734.76 734.76 12.6
744.18 744.18 12.6
753.66 753.66 12.6
763.2 763.2 12.6
772.8 772.8 12.6
782.46 782.46 12.6
792.18 792.18 12.6
801.96 801.96 12.6
811.8 811.8 12.6
821.7 821.7 12.6
831.66 831.66 12.6
841.68 841.68 12.6
851.76 851.76 12.6
861.9 861.9 12.6
872.1 872.1 12.6
882.36 882.36 12.6
892.68 892.68 12.6
903.06 903.06 12.6
913.5 913.5 12.6
924 924 12.6
934.56 934.56 12.6
945.18 945.18 12.6
955.86 955.86 12.6
966.6 966.6 12.6
977.4 977.4 12.6
988.26 988.26 12.6
999.18 999.18 12.6
1010.16 1010.16 12.6
1021.2 1021.2 12.6
1032.3 1032.3 12.6
1043.46 1043.46 12.6
1054.68 1054.68 12.6
1065.96 1065.96 12.6
1077.3 1077.3 12.6
1088.7 1088.7 12.6
1100.16 1100.16 12.6
1111.68 1111.68 12.6
1123.26 1123.26 12.6
1134.9 1134.9 12.6
1146.6 1146.6 12.6
1158.36 1158.36 12.6
1170.18 1170.18 12.6
1182.06 1182.06 12.6
1194 1194 12.6
1206 1206 12.6
1218.06 1218.06 12.6
1230.18 1230.18 12.6
1242.36 1242.36 12.6
1254.6 1254.6 12.6
1266.9 1266.9 12.6
1279.26 1279.26 12.6
1291.68 1291.68 12.6
1304.16 1304.16 12.6
1316.7 1316.7 12.6
1329.3 1329.3 12.6
1341.96 1341.96 12.6
1354.68 1354.68 12.6
1367.46 1367.46 12.6
1380.3 1380.3 12.6
1393.2 1393.2 12.6
1406.16 1406.16 12.6
1419.18 1419.18 12.6
1432.26 1432.26 12.6
1445.4 1445.4 12.6
1458.6 1458.6 12.6
1471.86 1471.86 12.6
1485.18 1485.18 12.6
1498.56 1498.56 12.6
1512 1512 12.6
1525.5 1525.5 12.6
1539.06 1539.06 12.6
1552.68 1552.68 12.6
1566.36 1566.36 12.6
1580.1 1580.1 12.6
1593.9 1593.9 12.6
1607.76 1607.76 12.6
1621.68 1621.68 12.6
1635.66 1635.66 12.6
1649.7 1649.7 12.6
1663.8 1663.8 12.6
1677.96 1677.96 12.6
1692.18 1692.18 12.6
1706.46 1706.46 12.6
1720.8 1720.8 12.6
1735.2 1735.2 12.6
1749.66 1749.66 12.6
1764.18 1764.18 12.6
1778.76 1778.76 12.6
1793.4 1793.4 12.6
1808.1 1808.1 12.6
1822.86 1822.86 12.6
1837.68 1837.68 12.6
1852.56 1852.56 12.6
1867.5 1867.5 12.6
1882.5 1882.5 12.6
1897.5 1897.5 12.6
1912.5 1912.5 12.6
1927.5 1927.5 12.6
1942.5 1942.5 12.6
1957.5 1957.5 12.6
1972.5 1972.5 12.6
1987.5 1987.5 12.6
2002.5 2002.5 12.6
2017.5 2017.5 12.6
2032.5 2032.5 12.6
2047.5 2047.5 12.6
2062.5 2062.5 12.6
2077.5 2077.5 12.6
2092.5 2092.5 12.6
2107.5 2107.5 12.6
2122.5 2122.5 12.6
2137.5 2137.5 12.6
2152.5 2152.5 12.6
2167.5 2167.5 12.6
2182.5 2182.5 12.6
2197.5 2197.5 12.6
2212.5 2212.5 12.6
2227.5 2227.5 12.6
2242.5 2242.5 12.6
2257.5 2257.5 12.6
2272.5 2272.5 12.6
2287.5 2287.5 12.6
2302.5 2302.5 12.6
2317.5 2317.5 12.6
2332.5 2332.5 12.6
2347.5 2347.5 12.6
2362.5 2362.5 12.6
2377.5 2377.5 12.6
2392.5 2392.5 12.6
2407.5 2407.5 12.6
2422.5 2422.5 12.6
2437.5 2437.5 12.6
2452.5 2452.5 12.6
2467.5 2467.5 12.6
2482.5 2482.5 12.6
2497.5 2497.5 12.6
2512.5 2512.5 12.6
2527.5 2527.5 12.6
2542.5 2542.5 12.6
2557.5 2557.5 12.6
2572.5 2572.5 12.6
2587.5 2587.5 12.6
2602.5 2602.5 12.6
2617.5 2617.5 12.6
2632.5 2632.5 12.6
2647.5 2647.5 12.6
2662.5 2662.5 12.6
2677.5 2677.5 12.6
2692.5 2692.5 12.6
2707.5 2707.5 12.6
2722.5 2722.5 12.6
2737.5 2737.5 12.6
2752.5 2752.5 12.6
2767.5 2767.5 12.6
2782.5 2782.5 12.6
2797.5 2797.5 12.6
2812.5 2812.5 12.6
2827.5 2827.5 12.6
2842.5 2842.5 12.6
2857.5 2857.5 12.6
2872.5 2872.5 12.6
2887.5 2887.5 12.6
2902.5 2902.5 12.6
2917.5 2917.5 12.6
2932.5 2932.5 12.6
2947.5 2947.5 12.6
2962.5 2962.5 12.6
2977.5 2977.5 12.6
2992.5 2992.5 12.6
3007.5 3007.5 12.6
3022.5 3022.5 12.6
3037.5 3037.5 12.6
3052.5 3052.5 12.6
3067.5 3067.5 12.6
3082.5 3082.5 12.6
3097.5 3097.5 12.6
3112.5 3112.5 12.6
3127.5 3127.5 12.6
3142.5 3142.5 12.6
3157.5 3157.5 12.6
3172.5 3172.5 12.6
3187.5 3187.5 12.6
3202.5 3202.5 12.6
3217.5 3217.5 12.6
3232.5 3232.5 12.6
3247.5 3247.5 12.6
3262.5 3262.5 12.6
3277.5 3277.5 12.6
3292.5 3292.5 12.6
3307.5 3307.5 12.6
3322.5 3322.5 12.6
3337.5 3337.5 12.6
3352.5 3352.5 12.6
3367.5 3367.5 12.6
3382.5 3382.5 12.6
3397.5 3397.5 12.6
3412.5 3412.5 12.6
3427.5 3427.5 12.6
3442.5 3442.5 12.6
3457.5 3457.5 12.6
3472.5 3472.5 12.6
3487.5 3487.5 12.6
3502.5 3502.5 12.6
3517.5 3517.5 12.6
3532.5 3532.5 12.6
3547.5 3547.5 12.6
3562.5 3562.5 12.6
3577.5 3577.5 12.6
3592.5 3592.5 12.6
3607.5 3607.5 12.6
3622.5 3622.5 12.6
3637.5 3637.5 12.6
3652.5 3652.5 12.6
3667.5 3667.5 12.6
3682.5 3682.5 12.6
3697.5 3697.5 12.6
3712.5 3712.5 12.6
3727.5 3727.5 12.6
3742.5 3742.5 12.6
3757.5 3757.5 12.6
3772.5 3772.5 12.6
3787.5 3787.5 12.6
3802.5 3802.5 12.6
3817.5 3817.5 12.6
3832.5 3832.5 12.6
3847.5 3847.5 12.6
3862.5 3862.5 12.6
3877.5 3877.5 12.6
3892.5 3892.5 12.6
3907.5 3907.5 12.6
3922.5 3922.5 12.6
3937.5 3937.5 12.6
3952.5 3952.5 12.6
3967.5 3967.5 12.6
3982.5 3982.5 12.6
3997.5 3997.5 12.6
4012.5 4012.5 12.6
4027.5 4027.5 12.6
4042.5 4042.5 12.6
4057.5 4057.5 12.6
4072.5 4072.5 12.6
4087.5 4087.5 12.6
4102.5 4102.5 12.6
4117.5 4117.5 12.6
4132.5 4132.5 12.6
4147.5 4147.5 12.6
4162.5 4162.5 12.6
4177.5 4177.5 12.6
4192.5 4192.5 12.6
4207.5 4207.5 12.6
4222.5 4222.5 12.6
4237.5 4237.5 12.6
4252.5 4252.5 12.6
4267.5 4267.5 12.6
4282.5 4282.5 12.6
4297.5 4297.5 12.6
4312.5 4312.5 12.6
4327.5 4327.5 12.6
4342.5 4342.5 12.6
4357.5 4357.5 12.6
4372.5 4372.5 12.6
4387.5 4387.5 12.6
4402.5 4402.5 12.6
4417.5 4417.5 12.6
4432.5 4432.5 12.6
4447.5 4447.5 12.6
4462.5 4462.5 12.6
4477.5 4477.5 12.6
4492.5 4492.5 12.6
4507.5 4507.5 12.6
4522.5 4522.5 12.6
4537.5 4537.5 12.6
4552.5 4552.5 12.6
4567.5 4567.5 12.6
4582.5 4582.5 12.6
4597.5 4597.5 12.6
4612.5 4612.5 12.6
4627.5 4627.5 12.6
4642.5 4642.5 12.6
4657.5 4657.5 12.6
4672.5 4672.5 12.6
4687.5 4687.5 12.6
4702.5 4702.5 12.6
4717.5 4717.5 12.6
4732.5 4732.5 12.6
4747.5 4747.5 12.6
4762.5 4762.5 12.6
4777.5 4777.5 12.6
4792.5 4792.5 12.6
4807.5 4807.5 12.6
4822.5 4822.5 12.6
4837.5 4837.5 12.6
4852.5 4852.5 12.6
4867.5 4867.5 12.6
4882.5 4882.5 12.6
4897.5 4897.5 12.6
4912.5 4912.5 12.6
4927.5 4927.5 12.6
4942.5 4942.5 12.6
4957.5 4957.5 12.6
4972.5 4972.5 12.6
4987.5 4987.5 12.6
5002.5 5002.5 12.6
5017.5 5017.5 12.6
5032.5 5032.5 12.6
5047.5 5047.5 12.6
5062.5 5062.5 12.6
5077.5 5077.5 12.6
5092.5 5092.5 12.6
5107.5 5107.5 12.6
5122.5 5122.5 12.6
5137.5 5137.5 12.6
5152.5 5152.5 12.6
5167.5 5167.5 12.6
5182.5 5182.5 12.6
5197.5 5197.5 12.6
5212.5 5212.5 12.6
5227.5 5227.5 12.6
5242.5 5242.5 12.6
5257.5 5257.5 12.6
5272.5 5272.5 12.6
5287.5 5287.5 12.6
5302.5 5302.5 12.6
5317.5 5317.5 12.6
5332.5 5332.5 12.6
5347.5 5347.5 12.6
5362.5 5362.5 12.6
5377.5 5377.5 12.6
5392.5 5392.5 12.6
5407.5 5407.5 12.6
5422.5 5422.5 12.6
5437.5 5437.5 12.6
5452.5 5452.5 12.6
5467.5 5467.5 12.6
5482.5 5482.5 12.6
5497.5 5497.5 12.6
5512.5 5512.5 12.6
5527.5 5527.5 12.6
5542.5 5542.5 12.6
5557.5 5557.5 12.6
5572.5 5572.5 12.6
5587.5 5587.5 12.6
5602.5 5602.5 12.6
5617.5 5617.5 12.6
5632.5 5632.5 12.6
5647.5 5647.5 12.6
5662.5 5662.5 12.6
5677.5 5677.5 12.6
5692.5 5692.5 12.6
5707.5 5707.5 12.6
5722.5 5722.5 12.6
5737.5 5737.5 12.6
5752.5 5752.5 12.6
5767.5 5767.5 12.6
5782.5 5782.5 12.6
5797.5 5797.5 12.6
5812.5 5812.5 12.6
5827.5 5827.5 12.6
5842.5 5842.5 12.6
5857.5 5857.5 12.6
5872.5 5872.5 12.6
5887.5 5887.5 12.6
5902.5 5902.5 12.6
5917.5 5917.5 12.6
5932.5 5932.5 12.6
5947.5 5947.5 12.6
5962.5 5962.5 12.6
5977.5 5977.5 12.6
5992.5 5992.5 12.6
6007.5 6007.5 12.6
6022.5 6022.5 12.6
6037.5 6037.5 12.6
6052.5 6052.5 12.6
6067.5 6067.5 12.6
6082.5 6082.5 12.6
6097.5 6097.5 12.6
6112.5 6112.5 12.6
6127.5 6127.5 12.6
6142.5 6142.5 12.6
6157.5 6157.5 12.6
6172.5 6172.5 12.6
6187.5 6187.5 12.6
6202.5 6202.5 12.6
6217.5 6217.5 12.6
6232.5 6232.5 12.6
6247.5 6247.5 12.6
6262.5 6262.5 12.6
6277.5 6277.5 12.6
6292.5 6292.5 12.6
6307.5 6307.5 12.6
6322.5 6322.5 12.6
6337.5 6337.5 12.6
6352.5 6352.5 12.6
6367.5 6367.5 12.6
6382.5 6382.5 12.6
6397.5 6397.5 12.6
6412.5 6412.5 12.6
6427.5 6427.5 12.6
6442.5 6442.5 12.6
6457.5 6457.5 12.6
6472.5 6472.5 12.6
6487.5 6487.5 12.6
6502.5 6502.5 12.6
6517.5 6517.5 12.6
6532.5 6532.5 12.6
6547.5 6547.5 12.6
6562.5 6562.5 12.6
6577.5 6577.5 12.6
6592.5 6592.5 12.6
6607.5 6607.5 12.6
6622.5 6622.5 12.6
6637.5 6637.5 12.6
6652.5 6652.5 12.6
6667.5 6667.5 12.6
6682.5 6682.5 12.6
6697.5 6697.5 12.6
6712.5 6712.5 12.6
6727.5 6727.5 12.6
6742.5 6742.5 12.6
6757.5 6757.5 12.6
6772.5 6772.5 12.6
6787.5 6787.5 12.6
6802.5 6802.5 12.6
6817.5 6817.5 12.6
6832.5 6832.5 12.6
6847.5 6847.5 12.6
6862.5 6862.5 12.6
6877.5 6877.5 12.6
6892.5 6892.5 12.6
6907.5 6907.5 12.6
6922.5 6922.5 12.6
6937.5 6937.5 12.6
6952.5 6952.5 12.6
6967.5 6967.5 12.6
6982.5 6982.5 12.6
6997.5 6997.5 12.6
7012.5 7012.5 12.6
7027.5 7027.5 12.6
7042.5 7042.5 12.6
7057.5 7057.5 12.6
7072.5 7072.5 12.6
7087.5 7087.5 12.6
7102.5 7102.5 12.6
7117.5 7117.5 12.6
7132.5 7132.5 12.6
7147.5 7147.5 12.6
7162.5 7162.5 12.6
7177.5 7177.5 12.6
7192.5 7192.5 12.6
7207.5 7207.5 12.6
7222.5 7222.5 12.6
7237.5 7237.5 12.6
7252.5 7252.5 12.6
7267.5 7267.5 12.6
7282.5 7282.5 12.6
7297.5 7297.5 12.6
7312.5 7312.5 12.6
7327.5 7327.5 12.6
7342.5 7342.5 12.6
7357.5 7357.5 12.6
7372.5 7372.5 12.6
7387.5 7387.5 12.6
7402.5 7402.5 12.6
7417.5 7417.5 12.6
7432.5 7432.5 12.6
7447.5 7447.5 12.6
7462.5 7462.5 12.6
7477.5 7477.5 12.6
7492.5 7492.5 12.6
7507.5 7507.5 12.6
7522.5 7522.5 12.6
7537.5 7537.5 12.6
7552.5 7552.5 12.6
7567.5 7567.5 12.6
7582.5 7582.5 12.6
7597.5 7597.5 12.6
7612.5 7612.5 12.6
7627.5 7627.5 12.6
7642.5 7642.5 12.6
7657.5 7657.5 12.6
7672.5 7672.5 12.6
7687.5 7687.5 12.6
7702.5 7702.5 12.6
7717.5 7717.5 12.6
7732.5 7732.5 12.6
7747.5 7747.5 12.6
7762.5 7762.5 12.6
7777.5 7777.5 12.6
7792.5 7792.5 12.6
7807.5 7807.5 12.6
7822.5 7822.5 12.6
7837.5 7837.5 12.6
7852.5 7852.5 12.6
7867.5 7867.5 12.6
7882.5 7882.5 12.6
7897.5 7897.5 12.6
7912.5 7912.5 12.6
7927.5 7927.5 12.6
7942.5 7942.5 12.6
7957.5 7957.5 12.6
7972.5 7972.5 12.6
7987.5 7987.5 12.6
8002.5 8002.5 12.6
8017.5 8017.5 12.6
8032.5 8032.5 12.6
8047.5 8047.5 12.6
8062.5 8062.5 12.6
8077.5 8077.5 12.6
8092.5 8092.5 12.6
8107.5 8107.5 12.6
8122.5 8122.5 12.6
8137.5 8137.5 12.6
8152.5 8152.5 12.6
8167.5 8167.5 12.6
8182.5 8182.5 12.6
8197.5 8197.5 12.6
8212.5 8212.5 12.6
8227.5 8227.5 12.6
8242.5 8242.5 12.6
8257.5 8257.5 12.6
8272.5 8272.5 12.6
8287.5 8287.5 12.6
8302.5 8302.5 12.6
8317.5 8317.5 12.6
8332.5 8332.5 12.6
8347.5 8347.5 12.6
8362.5 8362.5 12.6
8377.5 8377.5 12.6
8392.5 8392.5 12.6
8407.5 8407.5 12.6
8422.5 8422.5 12.6
8437.5 8437.5 12.6
8452.5 8452.5 12.6
8467.5 8467.5 12.6
8482.5 8482.5 12.6
8497.5 8497.5 12.6
8512.5 8512.5 12.6
8527.5 8527.5 12.6
8542.5 8542.5 12.6
8557.5 8557.5 12.6
8572.5 8572.5 12.6
8587.5 8587.5 12.6
8602.5 8602.5 12.6
8617.5 8617.5 12.6
8632.5 8632.5 12.6
8647.5 8647.5 12.6
8662.5 8662.5 12.6
8677.5 8677.5 12.6
8692.5 8692.5 12.6
8707.5 8707.5 12.6
8722.5 8722.5 12.6
8737.5 8737.5 12.6
8752.5 8752.5 12.6
8767.5 8767.5 12.6
8782.5 8782.5 12.6
8797.5 8797.5 12.6
8812.5 8812.5 12.6
8827.5 8827.5 12.6
8842.5 8842.5 12.6
8857.5 8857.5 12.6
8872.5 8872.5 12.6
8887.5 8887.5 12.6
8902.5 8902.5 12.6
8917.5 8917.5 12.6
8932.5 8932.5 12.6
8947.5 8947.5 12.6
8962.5 8962.5 12.6
8977.5 8977.5 12.6
8992.5 8992.5 12.6
9007.5 9007.5 12.6
9022.5 9022.5 12.6
9037.5 9037.5 12.6
9052.5 9052.5 12.6
9067.5 9067.5 12.6
9082.5 9082.5 12.6
9097.5 9097.5 12.6
9112.5 9112.5 12.6
9127.5 9127.5 12.6
9142.5 9142.5 12.6
9157.5 9157.5 12.6
9172.5 9172.5 12.6
9187.5 9187.5 12.6
9202.5 9202.5 12.6
9217.5 9217.5 12.6
9232.5 9232.5 12.6
9247.5 9247.5 12.6
9262.5 9262.5 12.6
9277.5 9277.5 12.6
9292.5 9292.5 12.6
9307.5 9307.5 12.6
9322.5 9322.5 12.6
9337.5 9337.5 12.6
9352.5 9352.5 12.6
9367.5 9367.5 12.6
9382.5 9382.5 12.6
9397.5 9397.5 12.6
9412.5 9412.5 12.6
9427.5 9427.5 12.6
9442.5 9442.5 12.6
9457.5 9457.5 12.6
9472.5 9472.5 12.6
9487.5 9487.5 12.6
9502.5 9502.5 12.6
9517.5 9517.5 12.6
9532.5 9532.5 12.6
9547.5 9547.5 12.6
9562.5 9562.5 12.6
9577.5 9577.5 12.6
9592.5 9592.5 12.6
9607.5 9607.5 12.6
9622.5 9622.5 12.6
9637.5 9637.5 12.6
9652.5 9652.5 12.6
9667.5 9667.5 12.6
9682.5 9682.5 12.6
9697.5 9697.5 12.6
9712.5 9712.5 12.6
9727.5 9727.5 12.6
9742.5 9742.5 12.6
9757.5 9757.5 12.6
9772.5 9772.5 12.6
9787.5 9787.5 12.6
9802.5 9802.5 12.6
9817.5 9817.5 12.6
9832.5 9832.5 12.6
9847.5 9847.5 12.6
9862.5 9862.5 12.6
9877.5 9877.5 12.6
9892.5 9892.5 12.6
9907.5 9907.5 12.6
9922.5 9922.5 12.6
9937.5 9937.5 12.6
9952.5 9952.5 12.6
9967.5 9967.5 12.6
9982.5 9982.5 12.6
9997.5 9997.5 12.6
10012.5 10012.5 12.6
10027.5 10027.5 12.6
10042.5 10042.5 12.6
10057.5 10057.5 12.6
10072.5 10072.5 12.6
10087.5 10087.5 12.6
10102.5 10102.5 12.6
10117.5 10117.5 12.6
10132.5 10132.5 12.6
10147.5 10147.5 12.6
10162.5 10162.5 12.6
10177.5 10177.5 12.6
10192.5 10192.5 12.6
10207.5 10207.5 12.6
10222.5 10222.5 12.6
10237.5 10237.5 12.6
10252.5 10252.5 12.6
10267.5 10267.5 12.6
10282.5 10282.5 12.6
10297.5 10297.5 12.6
10312.5 10312.5 12.6
10327.5 10327.5 12.6
10342.5 10342.5 12.6
10357.5 10357.5 12.6
10372.5 10372.5 12.6
10387.5 10387.5 12.6
10402.5 10402.5 12.6
10417.5 10417.5 12.6
10432.5 10432.5 12.6
10447.5 10447.5 12.6
10462.5 10462.5 12.6
10477.5 10477.5 12.6
10492.5 10492.5 12.6
10507.5 10507.5 12.6
10522.5 10522.5 12.6
10537.5 10537.5 12.6
10552.5 10552.5 12.6
10567.5 10567.5 12.6
10582.5 10582.5 12.6
10597.5 10597.5 12.6
10612.5 10612.5 12.6
10627.5 10627.5 12.6
10642.5 10642.5 12.6
10657.5 10657.5 12.6
10672.5 10672.5 12.6
10687.5 10687.5 12.6
10702.5 10702.5 12.6
10717.5 10717.5 12.6
10732.5 10732.5 12.6
10747.5 10747.5 12.6
10762.5 10762.5 12.6
10777.5 10777.5 12.6
10792.5 10792.5 12.6
10807.5 10807.5 12.6
10822.5 10822.5 12.6
10837.5 10837.5 12.6
10852.5 10852.5 12.6
10867.5 10867.5 12.6
10882.5 10882.5 12.6
10897.5 10897.5 12.6
10912.5 10912.5 12.6
10927.5 10927.5 12.6
10942.5 10942.5 12.6
10957.5 10957.5 12.6
10972.5 10972.5 12.6
10987.5 10987.5 12.6
11002.5 11002.5 12.6
11017.5 11017.5 12.6
11032.5 11032.5 12.6
11047.5 11047.5 12.6
11062.5 11062.5 12.6
11077.5 11077.5 12.6
11092.5 11092.5 12.6
11107.5 11107.5 12.6
11122.5 11122.5 12.6
11137.5 11137.5 12.6
11152.5 11152.5 12.6
11167.5 11167.5 12.6
11182.5 11182.5 12.6
11197.5 11197.5 12.6
11212.5 11212.5 12.6
11227.5 11227.5 12.6
11242.5 11242.5 12.6
11257.5 11257.5 12.6
11272.5 11272.5 12.6
11287.5 11287.5 12.6
11302.5 11302.5 12.6
11317.5 11317.5 12.6
11332.5 11332.5 12.6
11347.5 11347.5 12.6
11362.5 11362.5 12.6
11377.5 11377.5 12.6
11392.5 11392.5 12.6
11407.5 11407.5 12.6
11422.5 11422.5 12.6
11437.5 11437.5 12.6
11452.5 11452.5 12.6
11467.5 11467.5 12.6
11482.5 11482.5 12.6
11497.5 11497.5 12.6
11512.5 11512.5 12.6
11527.5 11527.5 12.6
11542.5 11542.5 12.6
11557.5 11557.5 12.6
11572.5 11572.5 12.6
11587.5 11587.5 12.6
11602.5 11602.5 12.6
11617.5 11617.5 12.6
11632.5 11632.5 12.6
11647.5 11647.5 12.6
11662.5 11662.5 12.6
11677.5 11677.5 12.6
11692.5 11692.5 12.6
11707.5 11707.5 12.6
11722.5 11722.5 12.6
11737.5 11737.5 12.6
11752.5 11752.5 12.6
11767.5 11767.5 12.6
11782.5 11782.5 12.6
11797.5 11797.5 12.6
11812.5 11812.5 12.6
11827.5 11827.5 12.6
11842.5 11842.5 12.6
11857.5 11857.5 12.6
11872.5 11872.5 12.6
11887.5 11887.5 12.6
11902.5 11902.5 12.6
11917.5 11917.5 12.6
11932.5 11932.5 12.6
11947.5 11947.5 12.6
11962.5 11962.5 12.6
11977.5 11977.5 12.6
11992.5 11992.5 12.6
12007.5 12007.5 12.6
12022.5 12022.5 12.6
12037.5 12037.5 12.6
12052.5 12052.5 12.6
12067.5 12067.5 12.6
12082.5 12082.5 12.6
12097.5 12097.5 12.6
12112.5 12112.5 12.6
12127.5 12127.5 12.6
12142.5 12142.5 12.6
12157.5 12157.5 12.6
12172.5 12172.5 12.6
12187.5 12187.5 12.6
12202.5 12202.5 12.6
12217.5 12217.5 12.6
12232.5 12232.5 12.6
12247.5 12247.5 12.6
12262.5 12262.5 12.6
12277.5 12277.5 12.6
12292.5 12292.5 12.6
12307.5 12307.5 12.6
12322.5 12322.5 12.6
12337.5 12337.5 12.6
12352.5 12352.5 12.6
12367.5 12367.5 12.6
12382.5 12382.5 12.6
12397.5 12397.5 12.6
12412.5 12412.5 12.6
12427.5 12427.5 12.6
12442.5 12442.5 12.6
12457.5 12457.5 12.6
12472.5 12472.5 12.6
12487.5 12487.5 12.6
12502.5 12502.5 12.6
12517.5 12517.5 12.6
12532.5 12532.5 12.6
12547.5 12547.5 12.6
12562.5 12562.5 12.6
12577.5 12577.5 12.6
12592.5 12592.5 12.6
12607.5 12607.5 12.6
12622.5 12622.5 12.6
12637.5 12637.5 12.6
12652.5 12652.5 12.6
12667.5 12667.5 12.6
12682.5 12682.5 12.6
12697.5 12697.5 12.6
12712.5 12712.5 12.6
12727.5 12727.5 12.6
12742.5 12742.5 12.6
12757.5 12757.5 12.6
12772.5 12772.5 12.6
12787.5 12787.5 12.6
12802.5 12802.5 12.6
12817.5 12817.5 12.6
12832.5 12832.5 12.6
12847.5 12847.5 12.6
12862.5 12862.5 12.6
12877.5 12877.5 12.6
12892.5 12892.5 12.6
12907.5 12907.5 12.6
12922.5 12922.5 12.6
12937.5 12937.5 12.6
12952.5 12952.5 12.6
12967.5 12967.5 12.6
12982.5 12982.5 12.6
12997.5 12997.5 12.6
13012.5 13012.5 12.6
13027.5 13027.5 12.6
13042.5 13042.5 12.6
13057.5 13057.5 12.6
13072.5 13072.5 12.6
13087.5 13087.5 12.6
13102.5 13102.5 12.6
13117.5 13117.5 12.6
13132.5 13132.5 12.6
